0 0
0 0
0 0
0 0
0 0
0 0
0 0
0 0
0 0
0 0
0 0
0 0
0 0
0 0
0 0
0 0
0 0
0 0
0 0
0 0
0 0
0 0
0 0
0 0
0 0
0 0
0 0
0 0
0 0
0 0
0 0
0 0
0 0
0 0
0 0
0 0
0 0
0 0
0 0
0 0
0 0
0 0
0 0
0 0
0 0
0 0
0 0
0 0
0 0
0 0
0 0
0 0
0 0
0 0
0 0
0 0
0 0
0 0
0 0
0 0
0 0
0 0
0 0
0 0
0 0
0 0
0 0
0 0
0 0
0 0
0 0
0 0
0 0
0 0
0 0
0 0
0 0
0 0
0 0
0 0
0 0
0 0
0 0
0 0
0 0
0 0
0 0
0 0
0 0
0 0
0 0
0 0
0 0
0 0
0 0
0 0
0 0
0 0
0 0
0 0
0 0
0 0
0 0
0 0
0 0
0 0
0 0
0 0
0 0
0 0
0 0
0 0
0 0
0 0
0 0
0 0
0 0
0 0
0 0
0 0
0 0
0 0
0 0
0 0
0 0
0 0
0 0
0 0
0 0
0 0
0 0
0 0
0 0
0 0
0 0
0 0
0 0
0 0
0 0
0 0
0 0
0 0
0 0
0 0
0 0
0 0
0 0
0 0
0 0
0 0
0 0
0 0
0 0
0 0
0 0
0 0
0 0
0 0
0 0
0 0
0 0
0 0
0 0
0 0
0 0
0 0
0 0
0 0
0 0
0 0
0 0
0 0
0 0
0 0
0 0
0 0
0 0
0 0
0 0
0 0
0 0
0 0
0 0
0 0
0 0
0 0
0 0
0 0
0 0
0 0
0 0
0 0
0 0
0 0
0 0
0 0
0 0
0 0
0 0
0 0
0 0
0 0
0 0
0 0
0 0
0 0
0 0
0 0
0 0
0 0
0 0
0 0
0 0
0 0
0 0
0 0
0 0
0 0
0 0
0 0
0 0
0 0
0 0
0 0
0 0
0 0
0 0
0 0
0 0
0 0
0 0
0 0
0 0
0 0
0 0
0 0
0 0
0 0
0 0
0 0
0 0
0 0
0 0
0 0
0 0
0 0
0 0
0 0
0 0
0 0
0 0
0 0
0 0
0 0
0 0
0 0
0 0
0 0
0 0
0 0
0 0
0 0
0 0
0 0
0 0
0 0
0 0
0 0
0 0
0 0
0 0
0 0
0 0
0 0
0 0
0 0
0 0
0 0
0 0
0 0
0 0
0 0
0 0
0 0
0 0
0 0
0 0
0 0
0 0
0 0
0 0
0 0
0 0
0 0
0 0
0 0
0 0
0 0
0 0
0 0
0 0
0 0
0 0
0 0
0 0
0 0
0 0
0 0
0 0
0 0
0 0
0 0
0 0
0 0
0 0
0 0
0 0
0 0
0 0
0 0
0 0
0 0
0 0
0 0
0 0
0 0
0 0
0 0
0 0
0 0
0 0
0 0
0 0
0 0
0 0
0 0
0 0
0 0
0 0
0 0
0 0
0 0
0 0
0 0
0 0
0 0
0 0
0 0
0 0
0 0
0 0
0 0
0.000204183 0
0.00783155 4.9125e-05
0.0270234 0.00020449
0.055335 0.000438367
0.0937623 0.000718272
0.142588 0.000930987
0.195281 0.00105384
0.248639 0.00117825
0.305591 0.00133679
0.353168 0.00159643
0.405118 0.00197302
0.458179 0.00231342
0.510171 0.00257144
0.563216 0.00279431
0.615827 0.00306347
0.668176 0.00332163
0.720773 0.00351456
0.772953 0.00372601
0.825719 0.00391988
0.87796 0.0041813
0.930038 0.00449616
0.982573 0.00478942
1.03564 0.00516319
1.08748 0.0054901
1.1397 0.0057774
1.1931 0.00607119
1.24437 0.00637722
1.29679 0.00670563
1.34854 0.00708938
1.40115 0.00744978
1.45326 0.00775922
1.50826 0.00802506
1.55836 0.00826009
1.61103 0.00843699
1.66319 0.00855298
1.71555 0.00867926
1.76802 0.00877593
1.82063 0.00888869
1.87274 0.00898432
1.92547 0.00915124
1.95316 0.00926291
2.03053 0.00964582
2.07959 0.00988688
2.11692 0.00997801
2.1435 0.00998908
2.15802 0.0100138
2.16251 0.0100287
2.16241 0.0100284
2.16241 0.0100284
2.16241 0.0100284
2.16051 0.0100246
2.14764 0.00999512
2.12206 0.00993948
2.08374 0.0098773
2.0362 0.00990479
1.9845 0.0100406
1.93099 0.0101099
1.87828 0.0101148
1.82626 0.0101259
1.77339 0.0102273
1.72059 0.0103581
1.66834 0.0105074
1.61611 0.0105775
1.56363 0.0105961
1.51154 0.0105959
1.45856 0.0106668
1.40646 0.0107231
1.35402 0.0107372
1.30206 0.0107316
1.24981 0.0108027
1.19702 0.0111145
1.14468 0.0114485
1.09247 0.0117325
1.04021 0.0120193
0.988263 0.0123166
0.935404 0.0126944
0.881507 0.0131916
0.830354 0.0136319
0.777422 0.0139779
0.725711 0.0143358
0.672994 0.0147606
0.620792 0.0153101
0.568448 0.0159333
0.514908 0.0164772
0.464118 0.0169838
0.411004 0.017594
0.35889 0.0182322
0.306677 0.0187976
0.254398 0.0193304
0.202248 0.0198804
0.1497 0.0204639
0.0945115 0.0210972
0.0691949 0.0213783
-0.00643661 0.0220676
-0.0538173 0.0225029
-0.0855308 0.0227983
-0.105854 0.0229934
-0.115719 0.0230823
-0.11711 0.023094
-0.11711 0.023094
-0.11711 0.023094
-0.11711 0.023094
-0.11711 0.023094
-0.11711 0.023094
-0.11711 0.023094
-0.11711 0.023094
-0.11711 0.023094
-0.11711 0.023094
-0.11711 0.023094
-0.11711 0.023094
-0.11711 0.023094
-0.11711 0.023094
-0.11711 0.023094
-0.11711 0.023094
-0.11711 0.023094
-0.11711 0.023094
-0.11711 0.023094
-0.11711 0.023094
-0.11711 0.023094
-0.11711 0.023094
-0.11711 0.023094
-0.11711 0.023094
-0.11711 0.023094
-0.11711 0.023094
-0.11711 0.023094
-0.11711 0.023094
-0.11711 0.023094
-0.11711 0.023094
-0.11711 0.023094
-0.11711 0.023094
-0.11711 0.023094
-0.11711 0.023094
-0.11711 0.023094
-0.11711 0.023094
-0.11711 0.023094
-0.11711 0.023094
-0.11711 0.023094
-0.11711 0.023094
-0.11711 0.023094
-0.11711 0.023094
-0.11711 0.023094
-0.11711 0.023094
-0.11711 0.023094
-0.11711 0.023094
-0.11711 0.023094
-0.11711 0.023094
-0.11711 0.023094
-0.11711 0.023094
-0.11711 0.023094
-0.11711 0.023094
-0.11711 0.023094
-0.11711 0.023094
-0.11711 0.023094
-0.11711 0.023094
-0.11711 0.023094
-0.11711 0.023094
-0.11711 0.023094
-0.11711 0.023094
-0.11711 0.023094
-0.11711 0.023094
-0.11711 0.023094
-0.11711 0.023094
-0.11711 0.023094
-0.11711 0.023094
-0.11711 0.023094
-0.11711 0.023094
-0.11711 0.023094
-0.11711 0.023094
-0.11711 0.023094
-0.11711 0.023094
-0.11711 0.023094
-0.11711 0.023094
-0.11711 0.023094
-0.11711 0.023094
-0.11711 0.023094
-0.11711 0.023094
-0.11711 0.023094
-0.11711 0.023094
-0.11711 0.023094
-0.11711 0.023094
-0.11711 0.023094
-0.11711 0.023094
-0.11711 0.023094
-0.11711 0.023094
-0.11711 0.023094
-0.11711 0.023094
-0.11711 0.023094
-0.11711 0.023094
-0.11711 0.023094
-0.11711 0.023094
-0.11711 0.023094
-0.11711 0.023094
-0.11711 0.023094
-0.11711 0.023094
-0.11711 0.023094
-0.11711 0.023094
-0.11711 0.023094
-0.11711 0.023094
-0.11711 0.023094
-0.11711 0.023094
-0.11711 0.023094
-0.11711 0.023094
-0.11711 0.023094
-0.11711 0.023094
-0.11711 0.023094
-0.11711 0.023094
-0.11711 0.023094
-0.11711 0.023094
-0.11711 0.023094
-0.11711 0.023094
-0.11711 0.023094
-0.11711 0.023094
-0.11711 0.023094
-0.11711 0.023094
-0.11711 0.023094
-0.11711 0.023094
-0.11711 0.023094
-0.11711 0.023094
-0.11711 0.023094
-0.11711 0.023094
-0.11711 0.023094
-0.11711 0.023094
-0.11711 0.023094
-0.11711 0.023094
-0.11711 0.023094
-0.11711 0.023094
-0.11711 0.023094
-0.11711 0.023094
-0.11711 0.023094
-0.11711 0.023094
-0.11711 0.023094
-0.11711 0.023094
-0.11711 0.023094
-0.11711 0.023094
-0.11711 0.023094
-0.11711 0.023094
-0.11711 0.023094
-0.11711 0.023094
-0.11711 0.023094
-0.11711 0.023094
-0.11711 0.023094
-0.11711 0.023094
-0.11711 0.023094
-0.11711 0.023094
-0.11711 0.023094
-0.11711 0.023094
-0.11711 0.023094
-0.11711 0.023094
-0.11711 0.023094
-0.11711 0.023094
-0.11711 0.023094
-0.11711 0.023094
-0.11711 0.023094
-0.11711 0.023094
-0.11711 0.023094
-0.11711 0.023094
-0.11711 0.023094
-0.11711 0.023094
-0.11711 0.023094
-0.11711 0.023094
-0.11711 0.023094
-0.11711 0.023094
-0.11711 0.023094
-0.11711 0.023094
-0.11711 0.023094
-0.11711 0.023094
-0.11711 0.023094
-0.11711 0.023094
-0.11711 0.023094
-0.11711 0.023094
-0.11711 0.023094
-0.11711 0.023094
-0.11711 0.023094
-0.11711 0.023094
-0.11711 0.023094
-0.11711 0.023094
-0.11711 0.023094
-0.11711 0.023094
-0.11711 0.023094
-0.11711 0.023094
-0.11711 0.023094
-0.11711 0.023094
-0.11711 0.023094
-0.11711 0.023094
-0.11711 0.023094
-0.11711 0.023094
-0.11711 0.023094
-0.11711 0.023094
-0.11711 0.023094
-0.11711 0.023094
-0.11711 0.023094
-0.11711 0.023094
-0.11711 0.023094
-0.11711 0.023094
-0.11711 0.023094
-0.11711 0.023094
-0.11711 0.023094
-0.11711 0.023094
-0.11711 0.023094
-0.11711 0.023094
-0.11711 0.023094
-0.11711 0.023094
-0.11711 0.023094
-0.11711 0.023094
-0.11711 0.023094
-0.11711 0.023094
-0.11711 0.023094
-0.11711 0.023094
-0.11711 0.023094
-0.11711 0.023094
-0.11711 0.023094
-0.11711 0.023094
-0.11711 0.023094
-0.11711 0.023094
-0.11711 0.023094
-0.11711 0.023094
-0.11711 0.023094
-0.11711 0.023094
-0.11711 0.023094
-0.11711 0.023094
-0.11711 0.023094
-0.11711 0.023094
-0.11711 0.023094
-0.11711 0.023094
-0.11711 0.023094
-0.11711 0.023094
-0.11711 0.023094
-0.11711 0.023094
-0.11711 0.023094
-0.11711 0.023094
-0.11711 0.023094
-0.11711 0.023094
-0.11711 0.023094
-0.11711 0.023094
-0.11711 0.023094
-0.11711 0.023094
-0.11711 0.023094
-0.11711 0.023094
-0.11711 0.023094
-0.11711 0.023094
-0.11711 0.023094
-0.11711 0.023094
-0.11711 0.023094
-0.11711 0.023094
-0.11711 0.023094
-0.11711 0.023094
-0.11711 0.023094
-0.11711 0.023094
-0.11711 0.023094
-0.11711 0.023094
-0.11711 0.023094
-0.11711 0.023094
-0.11711 0.023094
-0.11711 0.023094
-0.11711 0.023094
-0.11711 0.023094
-0.11711 0.023094
-0.11711 0.023094
-0.11711 0.023094
-0.11711 0.023094
-0.11711 0.023094
-0.11711 0.023094
-0.11711 0.023094
-0.11711 0.023094
-0.11711 0.023094
-0.11711 0.023094
-0.11711 0.023094
-0.11711 0.023094
-0.11711 0.023094
-0.11711 0.023094
-0.11711 0.023094
-0.11711 0.023094
-0.11711 0.023094
-0.11711 0.023094
-0.11711 0.023094
-0.11711 0.023094
-0.11711 0.023094
-0.11711 0.023094
-0.11711 0.023094
-0.11711 0.023094
-0.11711 0.023094
-0.11711 0.023094
-0.11711 0.023094
-0.11711 0.023094
-0.11711 0.023094
-0.11711 0.023094
-0.11711 0.023094
-0.11711 0.023094
-0.11711 0.023094
-0.11711 0.023094
-0.11711 0.023094
-0.11711 0.023094
-0.11711 0.023094
-0.11711 0.023094
-0.11711 0.023094
-0.11711 0.023094
-0.11711 0.023094
-0.11711 0.023094
-0.11711 0.023094
-0.11711 0.023094
-0.11711 0.023094
-0.11711 0.023094
-0.11711 0.023094
-0.11711 0.023094
-0.11711 0.023094
-0.11711 0.023094
-0.11711 0.023094
-0.11711 0.023094
-0.11711 0.023094
-0.11711 0.023094
-0.11711 0.023094
-0.11711 0.023094
-0.11711 0.023094
-0.11711 0.023094
-0.11711 0.023094
-0.11711 0.023094
-0.11711 0.023094
-0.11711 0.023094
-0.11711 0.023094
-0.11711 0.023094
-0.11711 0.023094
-0.11711 0.023094
-0.11711 0.023094
-0.11711 0.023094
-0.11711 0.023094
-0.11711 0.023094
-0.11711 0.023094
-0.11711 0.023094
-0.11711 0.023094
-0.11711 0.023094
-0.11711 0.023094
-0.11711 0.023094
-0.11711 0.023094
-0.11711 0.023094
-0.11711 0.023094
-0.11711 0.023094
-0.11711 0.023094
-0.11711 0.023094
-0.11711 0.023094
-0.11711 0.023094
-0.11711 0.023094
-0.11711 0.023094
-0.11711 0.023094
-0.11711 0.023094
-0.11711 0.023094
-0.11711 0.023094
-0.11711 0.023094
-0.11711 0.023094
-0.11711 0.023094
-0.11711 0.023094
-0.11711 0.023094
-0.11711 0.023094
-0.11711 0.023094
-0.11711 0.023094
-0.11711 0.023094
-0.11711 0.023094
-0.11711 0.023094
-0.11711 0.023094
-0.11711 0.023094
-0.11711 0.023094
-0.11711 0.023094
-0.11711 0.023094
-0.11711 0.023094
-0.11711 0.023094
-0.11711 0.023094
-0.11711 0.023094
-0.11711 0.023094
-0.11711 0.023094
-0.11711 0.023094
-0.11711 0.023094
-0.11711 0.023094
-0.11711 0.023094
-0.11711 0.023094
-0.11711 0.023094
-0.11711 0.023094
-0.11711 0.023094
-0.11711 0.023094
-0.11711 0.023094
-0.11711 0.023094
-0.11711 0.023094
-0.11711 0.023094
-0.11711 0.023094
-0.11711 0.023094
-0.11711 0.023094
-0.11711 0.023094
-0.11711 0.023094
-0.11711 0.023094
-0.11711 0.023094
-0.11711 0.023094
-0.11711 0.023094
-0.11711 0.023094
-0.11711 0.023094
-0.11711 0.023094
-0.11711 0.023094
-0.11711 0.023094
-0.11711 0.023094
-0.11711 0.023094
-0.11711 0.023094
-0.11711 0.023094
-0.11711 0.023094
-0.11711 0.023094
-0.11711 0.023094
-0.11222 0.0230543
-0.0964949 0.0229054
-0.0680687 0.0226137
-0.0283213 0.0221392
0.0219193 0.0215114
0.0755645 0.0208003
0.128949 0.0199711
0.181603 0.0190835
0.233746 0.0181947
0.285891 0.0173357
0.338218 0.0164757
0.390827 0.0156278
0.443731 0.0147647
0.495962 0.0139442
0.549681 0.0130988
0.600772 0.0123024
0.653567 0.0113956
0.705962 0.0105065
0.758022 0.00964244
0.810484 0.00879164
0.863081 0.00798863
0.916326 0.00714532
0.968821 0.00624782
1.02074 0.00540354
1.04742 0.00496962
1.12442 0.00373235
1.17698 0.00292384
1.22944 0.00210905
1.28179 0.00132569
1.33366 0.000549587
1.38669 -0.000256899
1.43862 -0.00112681
1.49084 -0.00207462
1.54289 -0.00304373
1.59478 -0.00401997
1.64761 -0.00501385
1.6995 -0.00599007
1.72986 -0.00656105
1.80411 -0.00794837
1.85611 -0.00886057
1.90859 -0.00987077
1.96039 -0.0108385
2.00611 -0.0116483
2.04267 -0.0123713
2.06632 -0.0128439
2.08408 -0.0131716
2.10216 -0.0134774
2.11962 -0.0137464
2.13739 -0.0139934
2.15516 -0.0142134
2.17293 -0.0144065
2.19069 -0.0145726
2.20846 -0.0147118
2.22623 -0.014824
2.23512 -0.0148701
2.23512 -0.0148701
2.23512 -0.0148701
2.23196 -0.0148568
2.22468 -0.0148205
2.19517 -0.0146522
2.16444 -0.0144694
2.12054 -0.0141922
2.06706 -0.013817
2.01325 -0.0134702
1.96135 -0.0131242
1.90729 -0.0126778
1.85603 -0.0121908
1.80356 -0.0116629
1.75065 -0.0112323
1.69853 -0.0108775
1.64612 -0.0104012
1.5932 -0.00975589
1.54104 -0.00905491
1.48768 -0.00847956
1.43509 -0.00795206
1.38277 -0.00739663
1.33034 -0.00677753
1.27775 -0.00613642
1.22516 -0.0055253
1.17281 -0.00494846
1.12002 -0.00434165
1.06725 -0.00368519
1.01461 -0.00305034
0.962547 -0.00243026
0.9099 -0.00189983
0.858276 -0.00136039
0.80554 -0.000713479
0.753888 -1.39843e-05
0.701278 0.000698398
0.648575 0.00144173
0.596795 0.00213244
0.565981 0.00253066
0.491647 0.00363732
0.439354 0.00445362
0.387145 0.00517698
0.335261 0.0059091
0.28318 0.00678304
0.230805 0.00773753
0.178546 0.00859335
0.126108 0.00946192
0.0783004 0.0103219
0.0401533 0.0109914
0.0130627 0.0114425
-0.00352134 0.0117088
-0.00873285 0.0117886
-0.00914156 0.0117955
-0.00914156 0.0117955
-0.00914156 0.0117955
-0.00914156 0.0117955
-0.00914156 0.0117955
-0.00914156 0.0117955
-0.00914156 0.0117955
-0.00914156 0.0117955
-0.00914156 0.0117955
-0.00914156 0.0117955
-0.00914156 0.0117955
-0.00914156 0.0117955
-0.00914156 0.0117955
-0.00914156 0.0117955
-0.00914156 0.0117955
-0.00914156 0.0117955
-0.00914156 0.0117955
-0.00914156 0.0117955
-0.00914156 0.0117955
-0.00914156 0.0117955
-0.00914156 0.0117955
-0.00914156 0.0117955
-0.00914156 0.0117955
-0.00914156 0.0117955
-0.00914156 0.0117955
-0.00914156 0.0117955
-0.00914156 0.0117955
-0.00914156 0.0117955
-0.00914156 0.0117955
-0.00914156 0.0117955
-0.00914156 0.0117955
-0.00914156 0.0117955
-0.00914156 0.0117955
-0.00914156 0.0117955
-0.00914156 0.0117955
-0.00914156 0.0117955
-0.00914156 0.0117955
-0.00914156 0.0117955
-0.00914156 0.0117955
-0.00914156 0.0117955
-0.00914156 0.0117955
-0.00914156 0.0117955
-0.00914156 0.0117955
-0.00914156 0.0117955
-0.00914156 0.0117955
-0.00914156 0.0117955
-0.00914156 0.0117955
-0.00914156 0.0117955
-0.00914156 0.0117955
-0.00914156 0.0117955
-0.00914156 0.0117955
-0.00914156 0.0117955
-0.00914156 0.0117955
-0.00914156 0.0117955
-0.00914156 0.0117955
-0.00914156 0.0117955
-0.00914156 0.0117955
-0.00914156 0.0117955
-0.00914156 0.0117955
-0.00914156 0.0117955
-0.00914156 0.0117955
-0.00914156 0.0117955
-0.00914156 0.0117955
-0.00914156 0.0117955
-0.00914156 0.0117955
-0.00914156 0.0117955
-0.00914156 0.0117955
-0.00914156 0.0117955
-0.00914156 0.0117955
-0.00914156 0.0117955
-0.00914156 0.0117955
-0.00914156 0.0117955
-0.00914156 0.0117955
-0.00914156 0.0117955
-0.00914156 0.0117955
-0.00914156 0.0117955
-0.00914156 0.0117955
-0.00914156 0.0117955
-0.00914156 0.0117955
-0.00914156 0.0117955
-0.00914156 0.0117955
-0.00914156 0.0117955
-0.00914156 0.0117955
-0.00914156 0.0117955
-0.00914156 0.0117955
-0.00914156 0.0117955
-0.00914156 0.0117955
-0.00914156 0.0117955
-0.00914156 0.0117955
-0.00914156 0.0117955
-0.00914156 0.0117955
-0.00914156 0.0117955
-0.00914156 0.0117955
-0.00914156 0.0117955
-0.00914156 0.0117955
-0.00914156 0.0117955
-0.00914156 0.0117955
-0.00914156 0.0117955
-0.00914156 0.0117955
-0.00914156 0.0117955
-0.00914156 0.0117955
-0.00914156 0.0117955
-0.00914156 0.0117955
-0.00914156 0.0117955
-0.00914156 0.0117955
-0.00914156 0.0117955
-0.00914156 0.0117955
-0.00914156 0.0117955
-0.00914156 0.0117955
-0.00914156 0.0117955
-0.00914156 0.0117955
-0.00914156 0.0117955
-0.00914156 0.0117955
-0.00914156 0.0117955
-0.00914156 0.0117955
-0.00914156 0.0117955
-0.00914156 0.0117955
-0.00914156 0.0117955
-0.00914156 0.0117955
-0.00914156 0.0117955
-0.00914156 0.0117955
-0.00914156 0.0117955
-0.00914156 0.0117955
-0.00914156 0.0117955
-0.00914156 0.0117955
-0.00914156 0.0117955
-0.00914156 0.0117955
-0.00914156 0.0117955
-0.00914156 0.0117955
-0.00914156 0.0117955
-0.00914156 0.0117955
-0.00914156 0.0117955
-0.00914156 0.0117955
-0.00914156 0.0117955
-0.00914156 0.0117955
-0.00914156 0.0117955
-0.00914156 0.0117955
-0.00914156 0.0117955
-0.00914156 0.0117955
-0.00914156 0.0117955
-0.00914156 0.0117955
-0.00914156 0.0117955
-0.00914156 0.0117955
-0.00914156 0.0117955
-0.00914156 0.0117955
-0.00914156 0.0117955
-0.00914156 0.0117955
-0.00914156 0.0117955
-0.00914156 0.0117955
-0.00914156 0.0117955
-0.00914156 0.0117955
-0.00914156 0.0117955
-0.00914156 0.0117955
-0.00914156 0.0117955
-0.00914156 0.0117955
-0.00914156 0.0117955
-0.00914156 0.0117955
-0.00914156 0.0117955
-0.00914156 0.0117955
-0.00914156 0.0117955
-0.00914156 0.0117955
-0.00914156 0.0117955
-0.00914156 0.0117955
-0.00914156 0.0117955
-0.00914156 0.0117955
-0.00914156 0.0117955
-0.00914156 0.0117955
-0.00914156 0.0117955
-0.00914156 0.0117955
-0.00914156 0.0117955
-0.00914156 0.0117955
-0.00914156 0.0117955
-0.00914156 0.0117955
-0.00914156 0.0117955
-0.00914156 0.0117955
-0.00914156 0.0117955
-0.00914156 0.0117955
-0.00914156 0.0117955
-0.00914156 0.0117955
-0.00914156 0.0117955
-0.00914156 0.0117955
-0.00914156 0.0117955
-0.00914156 0.0117955
-0.00914156 0.0117955
-0.00914156 0.0117955
-0.00914156 0.0117955
-0.00914156 0.0117955
-0.00914156 0.0117955
-0.00914156 0.0117955
-0.00914156 0.0117955
-0.00914156 0.0117955
-0.00914156 0.0117955
-0.00914156 0.0117955
-0.00914156 0.0117955
-0.00914156 0.0117955
-0.00914156 0.0117955
-0.00914156 0.0117955
-0.00914156 0.0117955
-0.00914156 0.0117955
-0.00914156 0.0117955
-0.00914156 0.0117955
-0.00914156 0.0117955
-0.00914156 0.0117955
-0.00914156 0.0117955
-0.00914156 0.0117955
-0.00914156 0.0117955
-0.00914156 0.0117955
-0.00914156 0.0117955
-0.00914156 0.0117955
-0.00914156 0.0117955
-0.00914156 0.0117955
-0.00914156 0.0117955
-0.00914156 0.0117955
-0.00914156 0.0117955
-0.00914156 0.0117955
-0.00914156 0.0117955
-0.00914156 0.0117955
-0.00914156 0.0117955
-0.00914156 0.0117955
-0.00914156 0.0117955
-0.00914156 0.0117955
-0.00914156 0.0117955
-0.00914156 0.0117955
-0.00914156 0.0117955
-0.00914156 0.0117955
-0.00914156 0.0117955
-0.00914156 0.0117955
-0.00914156 0.0117955
-0.00914156 0.0117955
-0.00914156 0.0117955
-0.00914156 0.0117955
-0.00914156 0.0117955
-0.00914156 0.0117955
-0.00914156 0.0117955
-0.00914156 0.0117955
-0.00914156 0.0117955
-0.00914156 0.0117955
-0.00914156 0.0117955
-0.00914156 0.0117955
-0.00914156 0.0117955
-0.00914156 0.0117955
-0.00914156 0.0117955
-0.00914156 0.0117955
-0.00914156 0.0117955
-0.00914156 0.0117955
-0.00914156 0.0117955
-0.00914156 0.0117955
-0.00914156 0.0117955
-0.00914156 0.0117955
-0.00914156 0.0117955
-0.00914156 0.0117955
-0.00914156 0.0117955
-0.00914156 0.0117955
-0.00914156 0.0117955
-0.00914156 0.0117955
-0.00914156 0.0117955
-0.00914156 0.0117955
-0.00914156 0.0117955
-0.00914156 0.0117955
-0.00914156 0.0117955
-0.00914156 0.0117955
-0.00914156 0.0117955
-0.00914156 0.0117955
-0.00914156 0.0117955
-0.00914156 0.0117955
-0.00914156 0.0117955
-0.00914156 0.0117955
-0.00914156 0.0117955
-0.00914156 0.0117955
-0.00914156 0.0117955
-0.00914156 0.0117955
-0.00914156 0.0117955
-0.00914156 0.0117955
-0.00914156 0.0117955
-0.00914156 0.0117955
-0.00914156 0.0117955
-0.00914156 0.0117955
-0.00914156 0.0117955
-0.00914156 0.0117955
-0.00914156 0.0117955
-0.00914156 0.0117955
-0.00914156 0.0117955
-0.00914156 0.0117955
-0.00914156 0.0117955
-0.00914156 0.0117955
-0.00914156 0.0117955
-0.00914156 0.0117955
-0.00914156 0.0117955
-0.00914156 0.0117955
-0.00862292 0.0117858
-0.00330009 0.0116854
0.0166429 0.0113166
0.0474002 0.0107528
0.089208 0.00998461
0.141006 0.00899166
0.194381 0.00796084
0.24703 0.00701191
0.299509 0.00602237
0.351555 0.00496792
0.403889 0.00387389
0.456456 0.0027112
0.508652 0.00159623
0.561042 0.000496848
0.612938 -0.000670847
0.665133 -0.0019641
0.71786 -0.00332054
0.746343 -0.00406958
0.822052 -0.00603622
0.874425 -0.00747652
0.926829 -0.00887199
0.979341 -0.0102684
1.0315 -0.0115565
1.08425 -0.012919
1.13661 -0.0142119
1.18884 -0.0154719
1.24136 -0.0167691
1.29364 -0.0180856
1.34597 -0.0193855
1.39856 -0.0206915
1.45077 -0.0219288
1.50351 -0.0231484
1.55542 -0.0243736
1.60813 -0.0256228
1.66081 -0.0268712
1.71343 -0.0281285
1.76576 -0.0294092
1.81817 -0.0306008
1.87043 -0.0317441
1.92265 -0.0328906
1.97461 -0.0340296
2.02682 -0.0352381
2.07931 -0.0364066
2.13155 -0.0375522
2.18381 -0.0386757
2.23608 -0.0398041
2.28752 -0.040881
2.32989 -0.0417511
2.36072 -0.0423745
2.37231 -0.0426034
2.39124 -0.0429786
2.39274 -0.0430072
2.39274 -0.0430072
2.39274 -0.0430072
2.39274 -0.0430072
2.39274 -0.0430072
2.39274 -0.0430072
2.39274 -0.0430072
2.39274 -0.0430072
2.39233 -0.0429995
2.38662 -0.0428882
2.36612 -0.0425419
2.33457 -0.0420237
2.29624 -0.0414162
2.24974 -0.0406969
2.19852 -0.0400229
2.14501 -0.0393131
2.09311 -0.0385068
2.04095 -0.0376215
1.98837 -0.0368637
1.93646 -0.0361554
1.90849 -0.035769
1.83165 -0.0347181
1.77918 -0.0340716
1.72686 -0.0335329
1.67504 -0.0329811
1.62232 -0.0325322
1.56965 -0.0321338
1.51724 -0.0317472
1.4628 -0.0313343
1.4129 -0.0309888
1.36038 -0.0306025
1.30843 -0.0301371
1.25588 -0.0295915
1.2032 -0.0290321
1.15128 -0.0284244
1.0988 -0.0277667
1.04636 -0.0270205
0.994203 -0.0262354
0.941925 -0.0254485
0.890002 -0.0246299
0.837377 -0.0237885
0.785143 -0.022921
0.733143 -0.0219594
0.68037 -0.0210165
0.628158 -0.0202028
0.575365 -0.0194042
0.522945 -0.0184901
0.470707 -0.0175096
0.417464 -0.0164743
0.365968 -0.0154802
0.31355 -0.0145398
0.261109 -0.0134819
0.209079 -0.0123333
0.158821 -0.0111053
0.119896 -0.010123
0.0909385 -0.00939695
0.0725592 -0.00894694
0.0652836 -0.00877103
0.0627142 -0.0087068
0.0627142 -0.0087068
0.0627142 -0.0087068
0.0627142 -0.0087068
0.0627142 -0.0087068
0.0627142 -0.0087068
0.0627142 -0.0087068
0.0627142 -0.0087068
0.0627142 -0.0087068
0.0627142 -0.0087068
0.0627142 -0.0087068
0.0627142 -0.0087068
0.0627142 -0.0087068
0.0627142 -0.0087068
0.0627142 -0.0087068
0.0627142 -0.0087068
0.0627142 -0.0087068
0.0627142 -0.0087068
0.0627142 -0.0087068
0.0627142 -0.0087068
0.0627142 -0.0087068
0.0627142 -0.0087068
0.0627142 -0.0087068
0.0627142 -0.0087068
0.0627142 -0.0087068
0.0627142 -0.0087068
0.0627142 -0.0087068
0.0627142 -0.0087068
0.0627142 -0.0087068
0.0627142 -0.0087068
0.0627142 -0.0087068
0.0627142 -0.0087068
0.0627142 -0.0087068
0.0627142 -0.0087068
0.0627142 -0.0087068
0.0627142 -0.0087068
0.0627142 -0.0087068
0.0627142 -0.0087068
0.0627142 -0.0087068
0.0627142 -0.0087068
0.0627142 -0.0087068
0.0627142 -0.0087068
0.0627142 -0.0087068
0.0627142 -0.0087068
0.0627142 -0.0087068
0.0627142 -0.0087068
0.0627142 -0.0087068
0.0627142 -0.0087068
0.0627142 -0.0087068
0.0627142 -0.0087068
0.0627142 -0.0087068
0.0627142 -0.0087068
0.0627142 -0.0087068
0.0627142 -0.0087068
0.0627142 -0.0087068
0.0627142 -0.0087068
0.0627142 -0.0087068
0.0627142 -0.0087068
0.0627142 -0.0087068
0.0627142 -0.0087068
0.0627142 -0.0087068
0.0627142 -0.0087068
0.0627142 -0.0087068
0.0627142 -0.0087068
0.0627142 -0.0087068
0.0627142 -0.0087068
0.0627142 -0.0087068
0.0627142 -0.0087068
0.0627142 -0.0087068
0.0627142 -0.0087068
0.0627142 -0.0087068
0.0627142 -0.0087068
0.0627142 -0.0087068
0.0627142 -0.0087068
0.0627142 -0.0087068
0.0627142 -0.0087068
0.0627142 -0.0087068
0.0627142 -0.0087068
0.0627142 -0.0087068
0.0627142 -0.0087068
0.0627142 -0.0087068
0.0627142 -0.0087068
0.0627142 -0.0087068
0.0627142 -0.0087068
0.0627142 -0.0087068
0.0627142 -0.0087068
0.0627142 -0.0087068
0.0627142 -0.0087068
0.0627142 -0.0087068
0.0627142 -0.0087068
0.0627142 -0.0087068
0.0627142 -0.0087068
0.0627142 -0.0087068
0.0627142 -0.0087068
0.0627142 -0.0087068
0.0627142 -0.0087068
0.0627142 -0.0087068
0.0627142 -0.0087068
0.0627142 -0.0087068
0.0627142 -0.0087068
0.0627142 -0.0087068
0.0627142 -0.0087068
0.0627142 -0.0087068
0.0627142 -0.0087068
0.0627142 -0.0087068
0.0627142 -0.0087068
0.0627142 -0.0087068
0.0627142 -0.0087068
0.0627142 -0.0087068
0.0627142 -0.0087068
0.0627142 -0.0087068
0.0627142 -0.0087068
0.0627142 -0.0087068
0.0627142 -0.0087068
0.0627142 -0.0087068
0.0627142 -0.0087068
0.0627142 -0.0087068
0.0627142 -0.0087068
0.0627142 -0.0087068
0.0627142 -0.0087068
0.0627142 -0.0087068
0.0627142 -0.0087068
0.0627142 -0.0087068
0.0627142 -0.0087068
0.0627142 -0.0087068
0.0627142 -0.0087068
0.0627142 -0.0087068
0.0627142 -0.0087068
0.0627142 -0.0087068
0.0627142 -0.0087068
0.0627142 -0.0087068
0.0627142 -0.0087068
0.0627142 -0.0087068
0.0627142 -0.0087068
0.0627142 -0.0087068
0.0627142 -0.0087068
0.0627142 -0.0087068
0.0627142 -0.0087068
0.0627142 -0.0087068
0.0627142 -0.0087068
0.0627142 -0.0087068
0.0627142 -0.0087068
0.0627142 -0.0087068
0.0627142 -0.0087068
0.0627142 -0.0087068
0.0627142 -0.0087068
0.0627142 -0.0087068
0.0627142 -0.0087068
0.0627142 -0.0087068
0.0627142 -0.0087068
0.0627142 -0.0087068
0.0627142 -0.0087068
0.0627142 -0.0087068
0.0627142 -0.0087068
0.0627142 -0.0087068
0.0627142 -0.0087068
0.0627142 -0.0087068
0.0627142 -0.0087068
0.0627142 -0.0087068
0.0627142 -0.0087068
0.0627142 -0.0087068
0.0627142 -0.0087068
0.0627142 -0.0087068
0.0627142 -0.0087068
0.0627142 -0.0087068
0.0627142 -0.0087068
0.0627142 -0.0087068
0.0627142 -0.0087068
0.0627142 -0.0087068
0.0627142 -0.0087068
0.0627142 -0.0087068
0.0627142 -0.0087068
0.0627142 -0.0087068
0.0627142 -0.0087068
0.0627142 -0.0087068
0.0627142 -0.0087068
0.0627142 -0.0087068
0.0627142 -0.0087068
0.0627142 -0.0087068
0.0627142 -0.0087068
0.0627142 -0.0087068
0.0627142 -0.0087068
0.0627142 -0.0087068
0.0627142 -0.0087068
0.0627142 -0.0087068
0.0627142 -0.0087068
0.0627142 -0.0087068
0.0627142 -0.0087068
0.0627142 -0.0087068
0.0627142 -0.0087068
0.0627142 -0.0087068
0.0627142 -0.0087068
0.0627142 -0.0087068
0.0627142 -0.0087068
0.0627142 -0.0087068
0.0627142 -0.0087068
0.0627142 -0.0087068
0.0627142 -0.0087068
0.0627142 -0.0087068
0.0627142 -0.0087068
0.0627142 -0.0087068
0.0627142 -0.0087068
0.0627142 -0.0087068
0.0627142 -0.0087068
0.0627142 -0.0087068
