3.1145 -3.15347
3.1145 -3.15347
3.1145 -3.15347
3.1145 -3.15347
3.1145 -3.15347
3.1145 -3.15347
3.1145 -3.15347
3.1145 -3.15347
3.1145 -3.15347
3.1145 -3.15347
3.1145 -3.15347
3.1145 -3.15347
3.1145 -3.15347
3.1145 -3.15347
3.1145 -3.15347
3.1145 -3.15347
3.1145 -3.15347
3.1145 -3.15347
3.1145 -3.15347
3.1145 -3.15347
3.1145 -3.15347
3.1145 -3.15347
3.1145 -3.15347
3.1145 -3.15347
3.1145 -3.15347
3.1145 -3.15347
3.1145 -3.15347
3.1145 -3.15347
3.1145 -3.15347
3.1145 -3.15347
3.1145 -3.15347
3.1145 -3.15347
3.1145 -3.15347
3.1145 -3.15347
3.1145 -3.15347
3.1145 -3.15347
3.1145 -3.15347
3.1145 -3.15347
3.1145 -3.15347
3.1145 -3.15347
3.1145 -3.15347
3.1145 -3.15347
3.1145 -3.15347
3.1145 -3.15347
3.1145 -3.15347
3.1145 -3.15347
3.1145 -3.15347
3.1145 -3.15347
3.1145 -3.15347
3.1145 -3.15347
3.1145 -3.15347
3.1145 -3.15347
3.1145 -3.15347
3.1145 -3.15347
3.1145 -3.15347
3.1145 -3.15347
3.1145 -3.15347
3.1145 -3.15347
3.1145 -3.15347
3.1145 -3.15347
3.1145 -3.15347
3.1145 -3.15347
3.1145 -3.15347
3.1145 -3.15347
3.1145 -3.15347
3.1145 -3.15347
3.1145 -3.15347
3.1145 -3.15347
3.1145 -3.15347
3.1145 -3.15347
3.1145 -3.15347
3.1145 -3.15347
3.1145 -3.15347
3.1145 -3.15347
3.1145 -3.15347
3.1145 -3.15347
3.1145 -3.15347
3.1145 -3.15347
3.1145 -3.15347
3.1145 -3.15347
3.1145 -3.15347
3.1145 -3.15347
3.1145 -3.15347
3.1145 -3.15347
3.1145 -3.15347
3.1145 -3.15347
3.1145 -3.15347
3.1145 -3.15347
3.1145 -3.15347
3.1145 -3.15347
3.1145 -3.15347
3.1145 -3.15347
3.1145 -3.15347
3.1145 -3.15347
3.1145 -3.15347
3.1145 -3.15347
3.1145 -3.15347
3.1145 -3.15347
3.1145 -3.15347
3.1145 -3.15347
3.1145 -3.15347
3.1145 -3.15347
3.1145 -3.15347
3.1145 -3.15347
3.1145 -3.15347
3.1145 -3.15347
3.1145 -3.15347
3.1145 -3.15347
3.1145 -3.15347
3.1145 -3.15347
3.1145 -3.15347
3.1145 -3.15347
3.1145 -3.15347
3.1145 -3.15347
3.1145 -3.15347
3.1145 -3.15347
3.1145 -3.15347
3.1145 -3.15347
3.1145 -3.15347
3.1145 -3.15347
3.1145 -3.15347
3.1145 -3.15347
3.1145 -3.15347
3.1145 -3.15347
3.1145 -3.15347
3.1145 -3.15347
3.1145 -3.15347
3.1145 -3.15347
3.1145 -3.15347
3.1145 -3.15347
3.1145 -3.15347
3.1145 -3.15347
3.1145 -3.15347
3.1145 -3.15347
3.1145 -3.15347
3.1145 -3.15347
3.1145 -3.15347
3.1145 -3.15347
3.1145 -3.15347
3.1145 -3.15347
3.1145 -3.15347
3.1145 -3.15347
3.1145 -3.15347
3.1145 -3.15347
3.1145 -3.15347
3.1145 -3.15347
3.1145 -3.15347
3.1145 -3.15347
3.1145 -3.15347
3.1145 -3.15347
3.1145 -3.15347
3.1145 -3.15347
3.1145 -3.15347
3.1145 -3.15347
3.1145 -3.15347
3.1145 -3.15347
3.1145 -3.15347
3.1145 -3.15347
3.1145 -3.15347
3.1145 -3.15347
3.1145 -3.15347
3.1145 -3.15347
3.1145 -3.15347
3.1145 -3.15347
3.1145 -3.15347
3.1145 -3.15347
3.1145 -3.15347
3.1145 -3.15347
3.1145 -3.15347
3.1145 -3.15347
3.1145 -3.15347
3.1145 -3.15347
3.1145 -3.15347
3.1145 -3.15347
3.1145 -3.15347
3.1145 -3.15347
3.1145 -3.15347
3.1145 -3.15347
3.1145 -3.15347
3.1145 -3.15347
3.1145 -3.15347
3.1145 -3.15347
3.1145 -3.15347
3.1145 -3.15347
3.1145 -3.15347
3.11444 -3.15388
3.11367 -3.15932
3.11324 -3.16234
3.10842 -3.19647
3.10463 -3.22299
3.1011 -3.2471
3.09762 -3.27093
3.09414 -3.29487
3.09069 -3.31865
3.08728 -3.3423
3.08374 -3.36704
3.0803 -3.39106
3.0768 -3.41571
3.07346 -3.4394
3.07019 -3.46263
3.06672 -3.48727
3.06335 -3.51097
3.05993 -3.53504
3.0564 -3.55962
3.05292 -3.58385
3.04951 -3.60756
3.04609 -3.63157
3.0428 -3.65516
3.04109 -3.66759
3.03626 -3.70299
3.03309 -3.7268
3.02995 -3.75069
3.02682 -3.77458
3.02365 -3.7982
3.02041 -3.82229
3.01715 -3.84632
3.01386 -3.8703
3.01065 -3.89407
3.00744 -3.91759
3.00408 -3.94212
3.00085 -3.96609
2.99763 -3.99002
2.99436 -4.01432
2.99113 -4.03826
2.98783 -4.06233
2.98453 -4.08636
2.98129 -4.11053
2.97813 -4.13441
2.97499 -4.15856
2.97186 -4.18246
2.9687 -4.20675
2.96535 -4.23265
2.96258 -4.2537
2.95939 -4.27765
2.95623 -4.30093
2.95304 -4.32426
2.94968 -4.34849
2.94629 -4.37284
2.94299 -4.39645
2.93955 -4.42022
2.9361 -4.44413
2.93258 -4.46852
2.92912 -4.49217
2.92554 -4.51572
2.92183 -4.53971
2.91813 -4.56333
2.91438 -4.58713
2.91055 -4.61135
2.90679 -4.6351
2.90297 -4.65914
2.89914 -4.68332
2.89537 -4.70728
2.89164 -4.73108
2.88771 -4.75583
2.88396 -4.7794
2.88016 -4.80341
2.87637 -4.82743
2.87259 -4.85131
2.8687 -4.87546
2.86482 -4.89946
2.86099 -4.92325
2.85706 -4.94761
2.85323 -4.9713
2.84928 -4.99589
2.84552 -5.01968
2.84168 -5.04393
2.83788 -5.06798
2.83409 -5.09198
2.83037 -5.11592
2.82667 -5.14002
2.82303 -5.16385
2.8194 -5.18772
2.81578 -5.21164
2.81224 -5.23506
2.80863 -5.25898
2.80507 -5.28291
2.80146 -5.30729
2.79798 -5.33078
2.79442 -5.35473
2.79088 -5.37837
2.78724 -5.40266
2.78373 -5.42621
2.78011 -5.45082
2.77665 -5.47463
2.77324 -5.4982
2.76978 -5.52228
2.76723 -5.54037
2.76556 -5.55229
2.76551 -5.55269
2.76551 -5.55269
2.76551 -5.55269
2.76551 -5.55269
2.76551 -5.55269
2.76551 -5.55269
2.76551 -5.55269
2.76551 -5.55269
2.76551 -5.55269
2.76551 -5.55269
2.76551 -5.55269
2.76551 -5.55269
2.76551 -5.55269
2.76551 -5.55269
2.76551 -5.55269
2.76551 -5.55269
2.76551 -5.55269
2.76551 -5.55269
2.76551 -5.55269
2.76551 -5.55269
2.76551 -5.55269
2.76551 -5.55269
2.76551 -5.55269
2.76551 -5.55269
2.76551 -5.55269
2.76551 -5.55269
2.76551 -5.55269
2.76551 -5.55269
2.76551 -5.55269
2.76551 -5.55269
2.76551 -5.55269
2.76551 -5.55269
2.76551 -5.55269
2.76551 -5.55269
2.76551 -5.55269
2.76551 -5.55269
2.76551 -5.55269
2.76551 -5.55269
2.76551 -5.55269
2.76551 -5.55269
2.76551 -5.55269
2.76551 -5.55269
2.76551 -5.55269
2.76551 -5.55269
2.76551 -5.55269
2.76551 -5.55269
2.76551 -5.55269
2.76551 -5.55269
2.76551 -5.55269
2.76551 -5.55269
2.76551 -5.55269
2.76551 -5.55269
2.76551 -5.55269
2.76551 -5.55269
2.76551 -5.55269
2.76551 -5.55269
2.76551 -5.55269
2.76551 -5.55269
2.76551 -5.55269
2.76551 -5.55269
2.76551 -5.55269
2.76551 -5.55269
2.76551 -5.55269
2.76551 -5.55269
2.76551 -5.55269
2.76551 -5.55269
2.76551 -5.55269
2.76551 -5.55269
2.76551 -5.55269
2.76551 -5.55269
2.76551 -5.55269
2.76551 -5.55269
2.76551 -5.55269
2.76551 -5.55269
2.76551 -5.55269
2.76551 -5.55269
2.76551 -5.55269
2.76551 -5.55269
2.76551 -5.55269
2.76551 -5.55269
2.76551 -5.55269
2.76551 -5.55269
2.76551 -5.55269
2.76551 -5.55269
2.76551 -5.55269
2.76551 -5.55269
2.76551 -5.55269
2.76551 -5.55269
2.76551 -5.55269
2.76551 -5.55269
2.76551 -5.55269
2.76551 -5.55269
2.76551 -5.55269
2.76551 -5.55269
2.76551 -5.55269
2.76551 -5.55269
2.76551 -5.55269
2.76551 -5.55269
2.76551 -5.55269
2.76551 -5.55269
2.76551 -5.55269
2.76551 -5.55269
2.76551 -5.55269
2.76551 -5.55269
2.76551 -5.55269
2.76551 -5.55269
2.76551 -5.55269
2.76551 -5.55269
2.76551 -5.55269
2.76551 -5.55269
2.76551 -5.55269
2.76551 -5.55269
2.76551 -5.55269
2.76551 -5.55269
2.76551 -5.55269
2.76551 -5.55269
2.76551 -5.55269
2.76551 -5.55269
2.76551 -5.55269
2.76551 -5.55269
2.76551 -5.55269
2.76551 -5.55269
2.76551 -5.55269
2.76551 -5.55269
2.76551 -5.55269
2.76551 -5.55269
2.76551 -5.55269
2.76551 -5.55269
2.76551 -5.55269
2.76551 -5.55269
2.76551 -5.55269
2.76551 -5.55269
2.76551 -5.55269
2.76551 -5.55269
2.76551 -5.55269
2.76551 -5.55269
2.76551 -5.55269
2.76551 -5.55269
2.76551 -5.55269
2.76551 -5.55269
2.76551 -5.55269
2.76551 -5.55269
2.76551 -5.55269
2.76551 -5.55269
2.76551 -5.55269
2.76551 -5.55269
2.76551 -5.55269
2.76551 -5.55269
2.76551 -5.55269
2.76551 -5.55269
2.76551 -5.55269
2.76551 -5.55269
2.76551 -5.55269
2.76551 -5.55269
2.76551 -5.55269
2.76551 -5.55269
2.76551 -5.55269
2.76551 -5.55269
2.76551 -5.55269
2.76551 -5.55269
2.76551 -5.55269
2.76551 -5.55269
2.76551 -5.55269
2.76551 -5.55269
2.76551 -5.55269
2.76551 -5.55269
2.76551 -5.55269
2.76551 -5.55269
2.76551 -5.55269
2.76551 -5.55269
2.76551 -5.55269
2.76551 -5.55269
2.76551 -5.55269
2.76551 -5.55269
2.76551 -5.55269
2.76551 -5.55269
2.76551 -5.55269
2.76551 -5.55269
2.76551 -5.55269
2.76551 -5.55269
2.76551 -5.55269
2.76551 -5.55269
2.76551 -5.55269
2.76551 -5.55269
2.76551 -5.55269
2.76551 -5.55269
2.76551 -5.55269
2.76551 -5.55269
2.76551 -5.55269
2.76551 -5.55269
2.76551 -5.55269
2.76551 -5.55269
2.76551 -5.55269
2.76551 -5.55269
2.76551 -5.55269
2.76551 -5.55269
2.76551 -5.55269
2.76551 -5.55269
2.76551 -5.55269
2.76551 -5.55269
2.76551 -5.55269
2.76551 -5.55269
2.76551 -5.55269
2.76551 -5.55269
2.76551 -5.55269
2.76551 -5.55269
2.76551 -5.55269
2.76551 -5.55269
2.76551 -5.55269
2.76551 -5.55269
2.76551 -5.55269
2.76551 -5.55269
2.76551 -5.55269
2.76551 -5.55269
2.76551 -5.55269
2.76551 -5.55269
2.76551 -5.55269
2.76551 -5.55269
2.76551 -5.55269
2.76551 -5.55269
2.76551 -5.55269
2.76551 -5.55269
2.76551 -5.55269
2.76551 -5.55269
2.76551 -5.55269
2.76551 -5.55269
2.76551 -5.55269
2.76551 -5.55269
2.76551 -5.55269
2.76551 -5.55269
2.76551 -5.55269
2.76551 -5.55269
2.76551 -5.55269
2.76551 -5.55269
2.76551 -5.55269
2.76551 -5.55269
2.76551 -5.55269
2.76551 -5.55269
2.76551 -5.55269
2.76551 -5.55269
2.76551 -5.55269
2.76551 -5.55269
2.76551 -5.55269
2.76551 -5.55269
2.76551 -5.55269
2.76551 -5.55269
2.76551 -5.55269
2.76551 -5.55269
2.76551 -5.55269
2.76551 -5.55269
2.76551 -5.55269
2.76551 -5.55269
2.76551 -5.55269
2.76551 -5.55269
2.76551 -5.55269
2.76551 -5.55269
2.76551 -5.55269
2.76551 -5.55269
2.76551 -5.55269
2.76551 -5.55269
2.76551 -5.55269
2.76551 -5.55269
2.76551 -5.55269
2.76551 -5.55269
2.76551 -5.55269
2.76551 -5.55269
2.76551 -5.55269
2.76551 -5.55269
2.76551 -5.55269
2.76551 -5.55269
2.76551 -5.55269
2.76551 -5.55269
2.76551 -5.55269
2.76551 -5.55269
2.76551 -5.55269
2.76551 -5.55269
2.76551 -5.55269
2.76551 -5.55269
2.76551 -5.55269
2.76551 -5.55269
2.76551 -5.55269
2.76551 -5.55269
2.76551 -5.55269
2.76551 -5.55269
2.76551 -5.55269
2.76551 -5.55269
2.76551 -5.55269
2.76551 -5.55269
2.76551 -5.55269
2.76551 -5.55269
2.76551 -5.55269
2.76551 -5.55269
2.76551 -5.55269
2.76551 -5.55269
2.76551 -5.55269
2.76551 -5.55269
2.76551 -5.55269
2.76551 -5.55269
2.76551 -5.55269
2.76551 -5.55269
2.76551 -5.55269
2.76551 -5.55269
2.76551 -5.55269
2.76551 -5.55269
2.76551 -5.55269
2.76551 -5.55269
2.76551 -5.55269
2.76551 -5.55269
2.76551 -5.55269
2.76551 -5.55269
2.76551 -5.55269
2.76551 -5.55269
2.76551 -5.55269
2.76551 -5.55269
2.76551 -5.55269
2.76551 -5.55269
2.76551 -5.55269
2.76551 -5.55269
2.76551 -5.55269
2.76551 -5.55269
2.76551 -5.55269
2.76551 -5.55269
2.76551 -5.55269
2.76551 -5.55269
2.76551 -5.55269
2.76551 -5.55269
2.76551 -5.55269
2.76551 -5.55269
2.76551 -5.55269
2.76551 -5.55269
2.76551 -5.55269
2.76551 -5.55269
2.76551 -5.55269
2.76551 -5.55269
2.76551 -5.55269
2.76551 -5.55269
2.76551 -5.55269
2.76551 -5.55269
2.76551 -5.55269
2.76551 -5.55269
2.76551 -5.55269
2.76551 -5.55269
2.76551 -5.55269
2.76551 -5.55269
2.76551 -5.55269
2.76551 -5.55269
2.76551 -5.55269
2.76551 -5.55269
2.76551 -5.55269
2.76551 -5.55269
2.76551 -5.55269
2.76551 -5.55269
2.76551 -5.55269
2.76551 -5.55269
2.76551 -5.55269
2.76551 -5.55269
2.76551 -5.55269
2.76551 -5.55269
2.76551 -5.55269
2.76551 -5.55269
2.76551 -5.55269
2.76551 -5.55269
2.76551 -5.55269
2.76551 -5.55269
2.76551 -5.55269
2.76551 -5.55269
2.76551 -5.55269
2.76551 -5.55269
2.76551 -5.55269
2.76551 -5.55269
2.76551 -5.55269
2.76551 -5.55269
2.76551 -5.55269
2.76551 -5.55269
2.76551 -5.55269
2.76551 -5.55269
2.76551 -5.55269
2.76551 -5.55269
2.76551 -5.55269
2.76551 -5.55269
2.76551 -5.55269
2.76551 -5.55269
2.76551 -5.55269
2.76551 -5.55269
2.76551 -5.55269
2.76551 -5.55269
2.76551 -5.55269
2.76551 -5.55269
2.76551 -5.55269
2.76551 -5.55269
2.76551 -5.55269
2.76551 -5.55269
2.76551 -5.55269
2.76551 -5.55269
2.76551 -5.55269
2.76551 -5.55269
2.76551 -5.55269
2.76551 -5.55269
2.76551 -5.55269
2.76551 -5.55269
2.76551 -5.55269
2.76551 -5.55269
2.76551 -5.55269
2.76551 -5.55269
2.76551 -5.55269
2.76551 -5.55269
2.76551 -5.55269
2.76551 -5.55269
2.76551 -5.55269
2.76551 -5.55269
2.76551 -5.55269
2.76551 -5.55269
2.76551 -5.55269
2.76551 -5.55269
2.76551 -5.55269
2.76551 -5.55269
2.76551 -5.55269
2.76551 -5.55269
2.76551 -5.55269
2.76551 -5.55269
2.76551 -5.55269
2.76551 -5.55269
2.76551 -5.55269
2.76551 -5.55269
2.76551 -5.55269
2.76551 -5.55269
2.76551 -5.55269
2.76551 -5.55269
2.76551 -5.55269
2.76551 -5.55269
2.76551 -5.55269
2.76551 -5.55269
2.76551 -5.55269
2.76551 -5.55269
2.76551 -5.55269
2.76551 -5.55269
2.76551 -5.55269
2.76551 -5.55269
2.76551 -5.55269
2.76551 -5.55269
2.76551 -5.55269
2.76551 -5.55269
2.76551 -5.55269
2.76551 -5.55269
2.76551 -5.55269
2.76551 -5.55269
2.76551 -5.55269
2.76551 -5.55269
2.76551 -5.55269
2.76551 -5.55269
2.76551 -5.55269
2.76551 -5.55269
2.76551 -5.55269
2.76551 -5.55269
2.76551 -5.55269
2.76551 -5.55269
2.76551 -5.55269
2.76551 -5.55269
2.76551 -5.55269
2.76551 -5.55269
2.76551 -5.55269
2.76551 -5.55269
2.76551 -5.55269
2.76551 -5.55269
2.76551 -5.55269
2.76551 -5.55269
2.76551 -5.55269
2.76551 -5.55269
2.76551 -5.55269
2.76551 -5.55269
2.76551 -5.55269
2.76551 -5.55269
2.76551 -5.55269
2.76551 -5.55269
2.76551 -5.55269
2.76551 -5.55269
2.76551 -5.55269
2.76551 -5.55269
2.76551 -5.55269
2.76551 -5.55269
2.76551 -5.55269
2.76551 -5.55269
2.76551 -5.55269
2.76551 -5.55269
2.76551 -5.55269
2.76551 -5.55269
2.76551 -5.55269
2.76551 -5.55269
2.76551 -5.55269
2.76551 -5.55269
2.76551 -5.55269
2.76551 -5.55269
2.76551 -5.55269
2.76551 -5.55269
2.76551 -5.55269
2.76551 -5.55269
2.76551 -5.55269
2.76551 -5.55269
2.76551 -5.55269
2.76551 -5.55269
2.76551 -5.55269
2.76556 -5.55231
2.76609 -5.54856
2.76836 -5.53246
2.771 -5.5135
2.77451 -5.48822
2.77795 -5.46389
2.78131 -5.44002
2.78467 -5.41608
2.78804 -5.39193
2.7915 -5.36751
2.79495 -5.34345
2.79832 -5.3195
2.80164 -5.29548
2.80484 -5.27206
2.80814 -5.24845
2.81158 -5.2243
2.81516 -5.19922
2.8186 -5.17523
2.8222 -5.15002
2.82557 -5.1263
2.82902 -5.10222
2.83251 -5.0778
2.83593 -5.05386
2.83934 -5.02998
2.84269 -5.00627
2.84602 -4.98238
2.84932 -4.95837
2.85109 -4.9455
2.85601 -4.91055
2.85946 -4.88657
2.86285 -4.86269
2.86632 -4.83824
2.86977 -4.8141
2.87329 -4.78985
2.87686 -4.76545
2.88034 -4.74156
2.88375 -4.71783
2.88725 -4.69358
2.89083 -4.66934
2.89449 -4.6452
2.89816 -4.62107
2.90182 -4.59711
2.90541 -4.57341
2.90904 -4.54949
2.91259 -4.52603
2.91622 -4.50192
2.91972 -4.47812
2.92316 -4.45492
2.92678 -4.43049
2.93039 -4.40617
2.9339 -4.3826
2.9375 -4.35836
2.94103 -4.3344
2.94451 -4.31073
2.94799 -4.28653
2.95142 -4.26233
2.95481 -4.23836
2.95819 -4.21436
2.95994 -4.20207
2.96503 -4.16628
2.96844 -4.14228
2.97193 -4.11796
2.97538 -4.09424
2.97895 -4.07004
2.9808 -4.05763
2.98606 -4.02239
2.9897 -3.99816
2.99327 -3.97429
2.99681 -3.95023
3.00034 -3.92614
3.00392 -3.90176
3.00756 -3.87725
3.01111 -3.85349
3.01474 -3.82938
3.01828 -3.80555
3.02187 -3.78143
3.02549 -3.75713
3.02908 -3.73312
3.03262 -3.7093
3.03614 -3.6854
3.03961 -3.6618
3.04323 -3.63786
3.04692 -3.61377
3.05065 -3.58958
3.05434 -3.56553
3.05797 -3.54164
3.06154 -3.5178
3.06496 -3.49434
3.06838 -3.4704
3.07178 -3.44631
3.07511 -3.42257
3.07847 -3.39869
3.0818 -3.37497
3.08523 -3.35063
3.0886 -3.3268
3.09202 -3.30294
3.09543 -3.27913
3.09879 -3.25561
3.10217 -3.23119
3.10505 -3.21005
3.10656 -3.19898
3.10656 -3.19898
3.10656 -3.19898
3.10656 -3.19898
3.10656 -3.19898
3.10656 -3.19898
3.10656 -3.19898
3.10656 -3.19898
3.10656 -3.19898
3.10656 -3.19898
3.10656 -3.19898
3.10656 -3.19898
3.10656 -3.19898
3.10656 -3.19898
3.10656 -3.19898
3.10656 -3.19898
3.10656 -3.19898
3.10656 -3.19898
3.10656 -3.19898
3.10656 -3.19898
3.10656 -3.19898
3.10656 -3.19898
3.10656 -3.19898
3.10656 -3.19898
3.10656 -3.19898
3.10656 -3.19898
3.10656 -3.19898
3.10656 -3.19898
3.10656 -3.19898
3.10656 -3.19898
3.10656 -3.19898
3.10656 -3.19898
3.10656 -3.19898
3.10656 -3.19898
3.10656 -3.19898
3.10656 -3.19898
3.10656 -3.19898
3.10656 -3.19898
3.10656 -3.19898
3.10656 -3.19898
3.10656 -3.19898
3.10656 -3.19898
3.10656 -3.19898
3.10656 -3.19898
3.10656 -3.19898
3.10656 -3.19898
3.10656 -3.19898
3.10656 -3.19898
3.10656 -3.19898
3.10656 -3.19898
3.10656 -3.19898
3.10656 -3.19898
3.10656 -3.19898
3.10656 -3.19898
3.10656 -3.19898
3.10656 -3.19898
3.10656 -3.19898
3.10656 -3.19898
3.10656 -3.19898
3.10656 -3.19898
3.10656 -3.19898
3.10656 -3.19898
3.10656 -3.19898
3.10656 -3.19898
3.10656 -3.19898
3.10656 -3.19898
3.10656 -3.19898
3.10656 -3.19898
3.10656 -3.19898
3.10656 -3.19898
3.10656 -3.19898
3.10656 -3.19898
3.10656 -3.19898
3.10656 -3.19898
3.10656 -3.19898
3.10656 -3.19898
3.10656 -3.19898
3.10656 -3.19898
3.10656 -3.19898
3.10656 -3.19898
3.10656 -3.19898
3.10656 -3.19898
3.10656 -3.19898
3.10656 -3.19898
3.10656 -3.19898
3.10656 -3.19898
3.10656 -3.19898
3.10656 -3.19898
3.10656 -3.19898
3.10656 -3.19898
3.10656 -3.19898
3.10656 -3.19898
3.10656 -3.19898
3.10656 -3.19898
3.10656 -3.19898
3.10656 -3.19898
3.10656 -3.19898
3.10656 -3.19898
3.10656 -3.19898
3.10656 -3.19898
3.10656 -3.19898
3.10656 -3.19898
3.10656 -3.19898
3.10656 -3.19898
3.10656 -3.19898
3.10656 -3.19898
3.10656 -3.19898
3.10656 -3.19898
3.10656 -3.19898
3.10656 -3.19898
3.10656 -3.19898
3.10656 -3.19898
3.10656 -3.19898
3.10656 -3.19898
3.10656 -3.19898
3.10656 -3.19898
3.10656 -3.19898
3.10656 -3.19898
3.10656 -3.19898
3.10656 -3.19898
3.10656 -3.19898
3.10656 -3.19898
3.10656 -3.19898
3.10656 -3.19898
3.10656 -3.19898
3.10656 -3.19898
3.10656 -3.19898
3.10656 -3.19898
3.10656 -3.19898
3.10656 -3.19898
3.10656 -3.19898
3.10656 -3.19898
3.10656 -3.19898
3.10656 -3.19898
3.10656 -3.19898
3.10656 -3.19898
3.10656 -3.19898
3.10656 -3.19898
3.10656 -3.19898
3.10656 -3.19898
3.10656 -3.19898
3.10656 -3.19898
3.10656 -3.19898
3.10656 -3.19898
3.10656 -3.19898
3.10656 -3.19898
3.10656 -3.19898
3.10656 -3.19898
3.10656 -3.19898
3.10656 -3.19898
3.10656 -3.19898
3.10656 -3.19898
3.10656 -3.19898
3.10656 -3.19898
3.10656 -3.19898
3.10656 -3.19898
3.10656 -3.19898
3.10656 -3.19898
3.10656 -3.19898
3.10656 -3.19898
3.10656 -3.19898
3.10656 -3.19898
3.10656 -3.19898
3.10656 -3.19898
3.10656 -3.19898
3.10656 -3.19898
3.10656 -3.19898
3.10656 -3.19898
3.10656 -3.19898
3.10656 -3.19898
3.10656 -3.19898
3.10656 -3.19898
3.10656 -3.19898
3.10656 -3.19898
3.10656 -3.19898
3.10656 -3.19898
3.10656 -3.19898
3.10656 -3.19898
3.10656 -3.19898
3.10656 -3.19898
3.10656 -3.19898
3.10656 -3.19898
3.10656 -3.19898
3.10656 -3.19898
3.10656 -3.19898
3.10656 -3.19898
3.10656 -3.19898
3.10656 -3.19898
3.10656 -3.19898
3.10656 -3.19898
3.10656 -3.19898
3.10656 -3.19898
3.10656 -3.19898
3.10656 -3.19898
3.10656 -3.19898
3.10656 -3.19898
3.10656 -3.19898
3.10656 -3.19898
3.10656 -3.19898
3.10656 -3.19898
3.10656 -3.19898
3.10656 -3.19898
3.10656 -3.19898
3.10656 -3.19898
3.10656 -3.19898
3.10656 -3.19898
3.10656 -3.19898
3.10656 -3.19898
3.10656 -3.19898
3.10656 -3.19898
3.10656 -3.19898
3.10656 -3.19898
3.10656 -3.19898
3.10656 -3.19898
3.10656 -3.19898
3.10656 -3.19898
3.10656 -3.19898
3.10656 -3.19898
3.10656 -3.19898
3.10656 -3.19898
3.10656 -3.19898
3.10656 -3.19898
3.10656 -3.19898
3.10656 -3.19898
3.10656 -3.19898
3.10656 -3.19898
3.10656 -3.19898
3.10656 -3.19898
3.10656 -3.19898
3.10656 -3.19898
3.10656 -3.19898
3.10656 -3.19898
3.10656 -3.19898
3.10656 -3.19898
3.10656 -3.19898
3.10656 -3.19898
3.10656 -3.19898
3.10656 -3.19898
3.10656 -3.19898
3.10656 -3.19898
3.10656 -3.19898
3.10656 -3.19898
3.10656 -3.19898
3.10656 -3.19898
3.10656 -3.19898
3.10656 -3.19898
3.10656 -3.19898
3.10656 -3.19898
3.10656 -3.19898
3.10656 -3.19898
3.10656 -3.19898
3.10656 -3.19898
3.10656 -3.19898
3.10656 -3.19898
3.10656 -3.19898
3.10656 -3.19898
3.10656 -3.19898
3.10656 -3.19898
3.10656 -3.19898
3.10656 -3.19898
3.10656 -3.19898
3.10656 -3.19898
3.10656 -3.19898
3.10656 -3.19898
3.10656 -3.19898
3.10656 -3.19898
3.10656 -3.19898
3.10656 -3.19898
3.10656 -3.19898
3.10656 -3.19898
3.10656 -3.19898
3.10656 -3.19898
3.10656 -3.19898
3.10656 -3.19898
3.10656 -3.19898
3.10656 -3.19898
3.10656 -3.19898
3.10656 -3.19898
3.10656 -3.19898
3.10656 -3.19898
3.10656 -3.19898
3.10656 -3.19898
3.10656 -3.19898
3.10656 -3.19898
3.10656 -3.19898
3.10656 -3.19898
3.10656 -3.19898
3.10656 -3.19898
3.10656 -3.19898
3.10656 -3.19898
3.10656 -3.19898
3.10656 -3.19898
3.10656 -3.19898
3.10656 -3.19898
3.10656 -3.19898
3.10656 -3.19898
3.10656 -3.19898
3.10656 -3.19898
3.10656 -3.19898
3.10656 -3.19898
3.10656 -3.19898
3.10656 -3.19898
3.10656 -3.19898
3.10656 -3.19898
3.10656 -3.19898
3.10656 -3.19898
3.10656 -3.19898
3.10656 -3.19898
3.10656 -3.19898
3.10656 -3.19898
3.10656 -3.19898
3.10656 -3.19898
3.10656 -3.19898
3.10656 -3.19898
3.10656 -3.19898
3.10656 -3.19898
3.10656 -3.19898
3.10656 -3.19898
3.10656 -3.19898
3.10656 -3.19898
3.10656 -3.19898
3.10656 -3.19898
3.10656 -3.19898
3.10656 -3.19898
3.10656 -3.19898
3.10656 -3.19898
3.10656 -3.19898
3.10656 -3.19898
3.10656 -3.19898
3.10656 -3.19898
3.10656 -3.19898
3.10656 -3.19898
3.10656 -3.19898
3.10656 -3.19898
3.10656 -3.19898
3.10656 -3.19898
3.10656 -3.19898
3.10656 -3.19898
3.10656 -3.19898
3.10656 -3.19898
3.10656 -3.19898
3.10656 -3.19898
3.10656 -3.19898
3.10656 -3.19898
3.10656 -3.19898
3.10656 -3.19898
3.10656 -3.19898
3.10656 -3.19898
3.10656 -3.19898
3.10656 -3.19898
3.10656 -3.19898
3.10656 -3.19898
3.10656 -3.19898
3.10656 -3.19898
3.10656 -3.19898
3.10656 -3.19898
3.10656 -3.19898
3.10656 -3.19898
3.10656 -3.19898
3.10656 -3.19898
3.10656 -3.19898
3.10656 -3.19898
3.10656 -3.19898
3.10656 -3.19898
3.10656 -3.19898
3.10656 -3.19898
3.10656 -3.19898
3.10656 -3.19898
3.10656 -3.19898
3.10656 -3.19898
3.10656 -3.19898
3.10656 -3.19898
3.10656 -3.19898
3.10656 -3.19898
3.10656 -3.19898
3.10656 -3.19898
3.10656 -3.19898
3.10656 -3.19898
3.10656 -3.19898
3.10656 -3.19898
3.10656 -3.19898
3.10656 -3.19898
3.10656 -3.19898
3.10656 -3.19898
3.10656 -3.19898
3.10656 -3.19898
3.10656 -3.19898
3.10656 -3.19898
3.10656 -3.19898
3.10656 -3.19898
3.10656 -3.19898
3.10656 -3.19898
3.10656 -3.19898
3.10656 -3.19898
3.10656 -3.19898
3.10656 -3.19898
3.10656 -3.19898
3.10656 -3.19898
3.10656 -3.19898
3.10656 -3.19898
3.10656 -3.19898
3.10656 -3.19898
3.10656 -3.19898
3.10656 -3.19898
3.10656 -3.19898
3.10656 -3.19898
3.10656 -3.19898
3.10656 -3.19898
3.10656 -3.19898
3.10656 -3.19898
3.10656 -3.19898
3.10656 -3.19898
3.10656 -3.19898
3.10656 -3.19898
3.10656 -3.19898
3.10656 -3.19898
3.10656 -3.19898
3.10656 -3.19898
3.10656 -3.19898
3.10656 -3.19898
3.10656 -3.19898
3.10656 -3.19898
3.10656 -3.19898
3.10656 -3.19898
3.10656 -3.19898
3.10656 -3.19898
3.10656 -3.19898
3.10656 -3.19898
3.10656 -3.19898
3.10656 -3.19898
3.10656 -3.19898
3.10656 -3.19898
3.10656 -3.19898
3.10656 -3.19898
3.10656 -3.19898
3.10656 -3.19898
3.10656 -3.19898
3.10656 -3.19898
3.10656 -3.19898
3.10656 -3.19898
3.10656 -3.19898
3.10656 -3.19898
3.10656 -3.19898
3.10656 -3.19898
3.10656 -3.19898
3.10656 -3.19898
3.10656 -3.19898
3.10656 -3.19898
3.10656 -3.19898
3.10656 -3.19898
3.10656 -3.19898
3.10656 -3.19898
3.10656 -3.19898
3.10656 -3.19898
3.10656 -3.19898
3.10656 -3.19898
3.10656 -3.19898
3.10656 -3.19898
3.10656 -3.19898
3.10656 -3.19898
3.10656 -3.19898
3.10656 -3.19898
3.10656 -3.19898
3.10656 -3.19898
3.10656 -3.19898
3.10656 -3.19898
3.10656 -3.19898
3.10656 -3.19898
3.10656 -3.19898
3.10656 -3.19898
3.10656 -3.19898
3.10656 -3.19898
3.10656 -3.19898
3.10656 -3.19898
3.10656 -3.19898
3.10656 -3.19898
3.10656 -3.19898
3.10656 -3.19898
3.10656 -3.19898
3.10656 -3.19898
3.10656 -3.19898
3.10656 -3.19898
3.10656 -3.19898
3.10656 -3.19898
3.10656 -3.19898
3.10656 -3.19898
3.10656 -3.19898
3.10656 -3.19898
3.10656 -3.19898
3.10656 -3.19898
3.10656 -3.19898
3.10656 -3.19898
3.10656 -3.19898
3.10656 -3.19898
3.10656 -3.19898
3.10656 -3.19898
3.10656 -3.19898
3.10656 -3.19898
3.10656 -3.19898
3.10656 -3.19898
3.10656 -3.19898
3.10656 -3.19898
3.10656 -3.19898
3.10656 -3.19898
3.10656 -3.19898
3.10656 -3.19898
3.10656 -3.19898
3.10656 -3.19898
3.10656 -3.19898
3.10656 -3.19898
3.10656 -3.19898
3.10656 -3.19898
3.10656 -3.19898
3.10656 -3.19898
3.10656 -3.19898
3.10656 -3.19898
3.10656 -3.19898
3.10656 -3.19898
3.10656 -3.19898
3.10656 -3.19898
3.10656 -3.19898
3.10656 -3.19898
3.10656 -3.19898
3.10656 -3.19898
3.10656 -3.19898
3.10656 -3.19898
3.10656 -3.19898
3.10656 -3.19898
3.10656 -3.19898
3.10656 -3.19898
3.10656 -3.19898
3.10656 -3.19898
3.10656 -3.19898
3.10656 -3.19898
3.10656 -3.19898
3.10656 -3.19898
3.10656 -3.19898
3.10656 -3.19898
3.10656 -3.19898
3.10656 -3.19898
3.10656 -3.19898
3.10656 -3.19898
3.10656 -3.19898
3.10656 -3.19898
3.10656 -3.19898
3.10656 -3.19898
3.10656 -3.19898
3.10656 -3.19898
3.10656 -3.19898
3.10656 -3.19898
3.10656 -3.19898
3.10656 -3.19898
3.10656 -3.19898
3.10656 -3.19898
3.10656 -3.19898
3.10656 -3.19898
3.10656 -3.19898
3.10656 -3.19898
3.10656 -3.19898
3.10656 -3.19898
3.10656 -3.19898
3.10656 -3.19898
3.10656 -3.19898
3.10656 -3.19898
3.10656 -3.19898
3.10656 -3.19898
3.10656 -3.19898
3.10656 -3.19898
3.10656 -3.19898
3.10656 -3.19898
3.10656 -3.19898
3.10656 -3.19898
3.10656 -3.19898
3.10656 -3.19898
3.10656 -3.19898
3.10656 -3.19898
3.10656 -3.19898
3.10656 -3.19898
3.10656 -3.19898
3.10656 -3.19898
3.10656 -3.19898
3.10656 -3.19898
3.10656 -3.19898
3.10656 -3.19898
3.10656 -3.19898
3.10656 -3.19898
3.10656 -3.19898
3.10623 -3.20141
3.10467 -3.21308
3.10153 -3.23676
3.09801 -3.26323
3.09481 -3.28701
3.09153 -3.31102
3.08823 -3.33516
3.08496 -3.35905
3.08167 -3.38312
3.07839 -3.40697
3.07506 -3.4312
3.07177 -3.45529
3.06853 -3.47912
3.06534 -3.50267
3.06202 -3.52679
3.05866 -3.55118
3.0554 -3.57506
3.05226 -3.59888
3.04909 -3.62306
3.04595 -3.64698
3.04279 -3.6711
3.03951 -3.69581
3.03625 -3.71978
3.033 -3.74318
3.0297 -3.76652
3.0263 -3.79057
3.02286 -3.81479
3.02092 -3.82846
3.01597 -3.86321
3.01251 -3.88727
3.00904 -3.91124
3.00556 -3.93517
3.00202 -3.95939
2.99849 -3.98372
2.99505 -4.00739
2.9916 -4.03071
2.98811 -4.05427
2.98458 -4.07839
2.98101 -4.10235
2.97741 -4.12649
2.9738 -4.15054
2.97035 -4.17419
2.96683 -4.19818
2.96323 -4.22233
2.9596 -4.24651
2.95595 -4.27067
2.9524 -4.29443
2.9488 -4.3184
2.94518 -4.34255
2.94144 -4.36755
2.93924 -4.38219
2.93439 -4.41453
2.93081 -4.43867
2.92726 -4.46239
2.92367 -4.48631
2.92003 -4.5103
2.91643 -4.53414
2.9128 -4.55797
2.90912 -4.58193
2.90543 -4.60583
2.90169 -4.63013
2.89795 -4.6543
2.89429 -4.67808
2.89062 -4.7019
2.88695 -4.72542
2.88327 -4.74886
2.87947 -4.77304
2.87576 -4.79685
2.87201 -4.82068
2.86815 -4.84506
2.8643 -4.86892
2.86039 -4.89299
2.85648 -4.91715
2.85433 -4.93041
2.84843 -4.96654
2.84478 -4.98889
2.84264 -5.0021
2.83704 -5.03719
2.83331 -5.06073
2.82951 -5.0845
2.82573 -5.10851
2.82194 -5.1327
2.81816 -5.15704
2.8144 -5.18108
2.81067 -5.20496
2.80699 -5.22879
2.80336 -5.25261
2.79974 -5.27667
2.79612 -5.30071
2.79262 -5.32414
2.78903 -5.34797
2.78546 -5.3718
2.78184 -5.39604
2.77822 -5.42016
2.77457 -5.44397
2.77147 -5.46414
2.76982 -5.47492
2.76937 -5.47783
2.76937 -5.47783
2.76937 -5.47783
2.76937 -5.47783
2.76937 -5.47783
2.76937 -5.47783
2.76937 -5.47783
2.76937 -5.47783
2.76937 -5.47783
2.76937 -5.47783
2.76937 -5.47783
2.76937 -5.47783
2.76937 -5.47783
2.76937 -5.47783
2.76937 -5.47783
2.76937 -5.47783
2.76937 -5.47783
2.76937 -5.47783
2.76937 -5.47783
2.76937 -5.47783
2.76937 -5.47783
2.76937 -5.47783
2.76937 -5.47783
2.76937 -5.47783
2.76937 -5.47783
2.76937 -5.47783
2.76937 -5.47783
2.76937 -5.47783
2.76937 -5.47783
2.76937 -5.47783
2.76937 -5.47783
2.76937 -5.47783
2.76937 -5.47783
2.76937 -5.47783
2.76937 -5.47783
2.76937 -5.47783
2.76937 -5.47783
2.76937 -5.47783
2.76937 -5.47783
2.76937 -5.47783
2.76937 -5.47783
2.76937 -5.47783
2.76937 -5.47783
2.76937 -5.47783
2.76937 -5.47783
2.76937 -5.47783
2.76937 -5.47783
2.76937 -5.47783
2.76937 -5.47783
2.76937 -5.47783
2.76937 -5.47783
2.76937 -5.47783
2.76937 -5.47783
2.76937 -5.47783
2.76937 -5.47783
2.76937 -5.47783
2.76937 -5.47783
2.76937 -5.47783
2.76937 -5.47783
2.76937 -5.47783
2.76937 -5.47783
2.76937 -5.47783
2.76937 -5.47783
2.76937 -5.47783
2.76937 -5.47783
2.76937 -5.47783
2.76937 -5.47783
2.76937 -5.47783
2.76937 -5.47783
2.76937 -5.47783
2.76937 -5.47783
2.76937 -5.47783
2.76937 -5.47783
2.76937 -5.47783
2.76937 -5.47783
2.76937 -5.47783
2.76937 -5.47783
2.76937 -5.47783
2.76937 -5.47783
2.76937 -5.47783
2.76937 -5.47783
2.76937 -5.47783
2.76937 -5.47783
2.76937 -5.47783
2.76937 -5.47783
2.76937 -5.47783
2.76937 -5.47783
2.76937 -5.47783
2.76937 -5.47783
2.76937 -5.47783
2.76937 -5.47783
2.76937 -5.47783
2.76937 -5.47783
2.76937 -5.47783
2.76937 -5.47783
2.76937 -5.47783
2.76937 -5.47783
2.76937 -5.47783
2.76937 -5.47783
2.76937 -5.47783
2.76937 -5.47783
2.76937 -5.47783
2.76937 -5.47783
2.76937 -5.47783
2.76937 -5.47783
2.76937 -5.47783
2.76937 -5.47783
2.76937 -5.47783
2.76937 -5.47783
2.76937 -5.47783
2.76937 -5.47783
2.76937 -5.47783
2.76937 -5.47783
2.76937 -5.47783
2.76937 -5.47783
2.76937 -5.47783
2.76937 -5.47783
2.76937 -5.47783
2.76937 -5.47783
2.76937 -5.47783
2.76937 -5.47783
2.76937 -5.47783
2.76937 -5.47783
2.76937 -5.47783
2.76937 -5.47783
2.76937 -5.47783
2.76937 -5.47783
2.76937 -5.47783
2.76937 -5.47783
2.76937 -5.47783
2.76937 -5.47783
2.76937 -5.47783
2.76937 -5.47783
2.76937 -5.47783
2.76937 -5.47783
2.76937 -5.47783
2.76937 -5.47783
2.76937 -5.47783
2.76937 -5.47783
2.76937 -5.47783
2.76937 -5.47783
2.76937 -5.47783
2.76937 -5.47783
2.76937 -5.47783
2.76937 -5.47783
2.76937 -5.47783
2.76937 -5.47783
2.76937 -5.47783
2.76937 -5.47783
2.76937 -5.47783
2.76937 -5.47783
2.76937 -5.47783
2.76937 -5.47783
2.76937 -5.47783
2.76937 -5.47783
2.76937 -5.47783
2.76937 -5.47783
2.76937 -5.47783
2.76937 -5.47783
2.76937 -5.47783
2.76937 -5.47783
2.76937 -5.47783
2.76937 -5.47783
2.76937 -5.47783
2.76937 -5.47783
2.76937 -5.47783
2.76937 -5.47783
2.76937 -5.47783
2.76937 -5.47783
2.76937 -5.47783
2.76937 -5.47783
2.76937 -5.47783
2.76937 -5.47783
2.76937 -5.47783
2.76937 -5.47783
2.76937 -5.47783
2.76937 -5.47783
2.76937 -5.47783
2.76937 -5.47783
2.76937 -5.47783
2.76937 -5.47783
2.76937 -5.47783
2.76937 -5.47783
2.76937 -5.47783
2.76937 -5.47783
2.76937 -5.47783
2.76937 -5.47783
2.76937 -5.47783
2.76937 -5.47783
2.76937 -5.47783
2.76937 -5.47783
2.76937 -5.47783
2.76937 -5.47783
2.76937 -5.47783
2.76937 -5.47783
2.76937 -5.47783
2.76937 -5.47783
2.76937 -5.47783
2.76937 -5.47783
2.76937 -5.47783
2.76937 -5.47783
2.76937 -5.47783
2.76937 -5.47783
2.76937 -5.47783
2.76937 -5.47783
2.76937 -5.47783
2.76937 -5.47783
2.76937 -5.47783
2.76937 -5.47783
2.76937 -5.47783
2.76937 -5.47783
2.76937 -5.47783
2.76937 -5.47783
2.76937 -5.47783
2.76937 -5.47783
2.76937 -5.47783
2.76937 -5.47783
2.76937 -5.47783
2.76937 -5.47783
2.76937 -5.47783
2.76937 -5.47783
2.76937 -5.47783
2.76937 -5.47783
2.76937 -5.47783
2.76937 -5.47783
2.76937 -5.47783
2.76937 -5.47783
2.76937 -5.47783
2.76937 -5.47783
2.76937 -5.47783
2.76937 -5.47783
2.76937 -5.47783
2.76937 -5.47783
2.76937 -5.47783
2.76937 -5.47783
2.76937 -5.47783
2.76937 -5.47783
2.76937 -5.47783
2.76937 -5.47783
2.76937 -5.47783
2.76937 -5.47783
2.76937 -5.47783
2.76937 -5.47783
2.76937 -5.47783
2.76937 -5.47783
2.76937 -5.47783
2.76937 -5.47783
2.76937 -5.47783
2.76937 -5.47783
2.76937 -5.47783
2.76937 -5.47783
2.76937 -5.47783
2.76937 -5.47783
2.76937 -5.47783
2.76937 -5.47783
2.76937 -5.47783
2.76937 -5.47783
2.76937 -5.47783
2.76937 -5.47783
2.76937 -5.47783
2.76937 -5.47783
2.76937 -5.47783
2.76937 -5.47783
2.76937 -5.47783
2.76937 -5.47783
2.76937 -5.47783
2.76937 -5.47783
2.76937 -5.47783
2.76937 -5.47783
2.76937 -5.47783
2.76937 -5.47783
2.76937 -5.47783
2.76937 -5.47783
2.76937 -5.47783
2.76937 -5.47783
2.76937 -5.47783
2.76937 -5.47783
2.76937 -5.47783
2.76937 -5.47783
2.76937 -5.47783
2.76937 -5.47783
2.76937 -5.47783
2.76937 -5.47783
2.76937 -5.47783
2.76937 -5.47783
2.76937 -5.47783
2.76937 -5.47783
2.76937 -5.47783
2.76937 -5.47783
2.76937 -5.47783
2.76937 -5.47783
2.76937 -5.47783
2.76937 -5.47783
2.76937 -5.47783
2.76937 -5.47783
2.76937 -5.47783
2.76937 -5.47783
2.76937 -5.47783
2.76937 -5.47783
2.76937 -5.47783
2.76937 -5.47783
2.76937 -5.47783
2.76937 -5.47783
2.76937 -5.47783
2.76937 -5.47783
2.76937 -5.47783
2.76937 -5.47783
2.76937 -5.47783
2.76937 -5.47783
2.76937 -5.47783
2.76937 -5.47783
2.76937 -5.47783
2.76937 -5.47783
2.76937 -5.47783
2.76937 -5.47783
2.76937 -5.47783
2.76937 -5.47783
2.76937 -5.47783
2.76937 -5.47783
2.76937 -5.47783
2.76937 -5.47783
2.76937 -5.47783
2.76937 -5.47783
2.76937 -5.47783
2.76937 -5.47783
2.76937 -5.47783
2.76937 -5.47783
2.76937 -5.47783
2.76937 -5.47783
2.76937 -5.47783
2.76937 -5.47783
2.76937 -5.47783
2.76937 -5.47783
2.76937 -5.47783
2.76937 -5.47783
2.76937 -5.47783
2.76937 -5.47783
2.76937 -5.47783
2.76937 -5.47783
2.76937 -5.47783
2.76937 -5.47783
2.76937 -5.47783
2.76937 -5.47783
2.76937 -5.47783
2.76937 -5.47783
2.76937 -5.47783
2.76937 -5.47783
2.76937 -5.47783
2.76937 -5.47783
2.76937 -5.47783
2.76937 -5.47783
2.76937 -5.47783
2.76937 -5.47783
2.76937 -5.47783
2.76937 -5.47783
2.76937 -5.47783
2.76937 -5.47783
2.76937 -5.47783
2.76937 -5.47783
2.76937 -5.47783
2.76937 -5.47783
2.76937 -5.47783
2.76937 -5.47783
2.76937 -5.47783
2.76937 -5.47783
2.76937 -5.47783
2.76937 -5.47783
2.76937 -5.47783
2.76937 -5.47783
2.76937 -5.47783
2.76937 -5.47783
2.76937 -5.47783
2.76937 -5.47783
2.76937 -5.47783
2.76937 -5.47783
2.76937 -5.47783
2.76937 -5.47783
2.76937 -5.47783
2.76937 -5.47783
2.76937 -5.47783
2.76937 -5.47783
2.76937 -5.47783
2.76937 -5.47783
2.76937 -5.47783
2.76937 -5.47783
2.76937 -5.47783
2.76937 -5.47783
2.76937 -5.47783
2.76937 -5.47783
2.76937 -5.47783
2.76937 -5.47783
2.76937 -5.47783
2.76937 -5.47783
2.76937 -5.47783
2.76937 -5.47783
2.76937 -5.47783
2.76937 -5.47783
2.76937 -5.47783
2.76937 -5.47783
2.76937 -5.47783
2.76937 -5.47783
2.76937 -5.47783
2.76937 -5.47783
2.76937 -5.47783
2.76937 -5.47783
2.76937 -5.47783
2.76937 -5.47783
2.76937 -5.47783
2.76937 -5.47783
2.76937 -5.47783
2.76937 -5.47783
2.76937 -5.47783
2.76937 -5.47783
2.76937 -5.47783
2.76937 -5.47783
2.76937 -5.47783
2.76937 -5.47783
2.76937 -5.47783
2.76937 -5.47783
2.76937 -5.47783
2.76937 -5.47783
2.76937 -5.47783
2.76937 -5.47783
2.76937 -5.47783
2.76937 -5.47783
2.76959 -5.47643
2.77047 -5.47091
2.77373 -5.45043
2.77792 -5.42404
2.7817 -5.40036
2.78538 -5.37724
2.78919 -5.35314
2.793 -5.32857
2.79668 -5.30471
2.80037 -5.28079
2.80407 -5.25702
2.80793 -5.23281
2.81183 -5.20836
2.81554 -5.18509
2.81939 -5.16107
2.82327 -5.13698
2.82708 -5.1132
2.83104 -5.08885
2.83493 -5.06486
2.83878 -5.04109
2.84265 -5.01737
2.84655 -4.99353
2.85042 -4.96981
2.85435 -4.94587
2.85649 -4.93287
2.86219 -4.89831
2.86614 -4.87431
2.87009 -4.85029
2.87411 -4.82614
2.87801 -4.80254
2.88184 -4.77916
2.88571 -4.75546
2.88952 -4.73197
2.89344 -4.70776
2.89736 -4.68357
2.90118 -4.65996
2.90502 -4.63601
2.90882 -4.61219
2.91263 -4.58831
2.91649 -4.56425
2.9204 -4.54015
2.92432 -4.51617
2.92819 -4.49238
2.93206 -4.46886
2.93604 -4.44509
2.94017 -4.42066
2.9442 -4.39668
2.94825 -4.37251
2.95225 -4.34864
2.95622 -4.32492
2.96027 -4.30079
2.96424 -4.27699
2.96633 -4.2644
2.97215 -4.2289
2.97601 -4.20501
2.97982 -4.18133
2.98368 -4.15727
2.98757 -4.13314
2.99143 -4.10933
2.99537 -4.08523
2.99928 -4.06141
3.00326 -4.03726
3.00723 -4.01331
3.01114 -3.98982
3.01504 -3.96625
3.01904 -3.94238
3.02301 -3.91861
3.02707 -3.89416
3.03102 -3.87062
3.03507 -3.84661
3.03913 -3.82265
3.04317 -3.79889
3.04733 -3.77469
3.05138 -3.7512
3.05554 -3.72704
3.05964 -3.70324
3.06374 -3.67939
3.06776 -3.65605
3.07189 -3.63212
3.076 -3.60841
3.08014 -3.58465
3.08431 -3.56054
3.08829 -3.53737
3.09243 -3.51322
3.09651 -3.4893
3.10059 -3.46553
3.10272 -3.45309
3.10878 -3.41798
3.11284 -3.39447
3.11703 -3.37029
3.12113 -3.34657
3.12528 -3.32252
3.12938 -3.2992
3.13361 -3.27566
3.13793 -3.25184
3.14218 -3.2284
3.14486 -3.21373
3.14519 -3.21195
3.14519 -3.21195
3.14519 -3.21195
3.14519 -3.21195
3.14519 -3.21195
3.14519 -3.21195
3.14519 -3.21195
3.14519 -3.21195
3.14519 -3.21195
3.14519 -3.21195
3.14519 -3.21195
3.14519 -3.21195
3.14519 -3.21195
3.14519 -3.21195
3.14519 -3.21195
3.14519 -3.21195
3.14519 -3.21195
3.14519 -3.21195
3.14519 -3.21195
3.14519 -3.21195
3.14519 -3.21195
3.14519 -3.21195
3.14519 -3.21195
3.14519 -3.21195
3.14519 -3.21195
3.14519 -3.21195
3.14519 -3.21195
3.14519 -3.21195
3.14519 -3.21195
3.14519 -3.21195
3.14519 -3.21195
3.14519 -3.21195
3.14519 -3.21195
3.14519 -3.21195
3.14519 -3.21195
3.14519 -3.21195
3.14519 -3.21195
3.14519 -3.21195
3.14519 -3.21195
3.14519 -3.21195
3.14519 -3.21195
3.14519 -3.21195
3.14519 -3.21195
3.14519 -3.21195
3.14519 -3.21195
3.14519 -3.21195
3.14519 -3.21195
3.14519 -3.21195
3.14519 -3.21195
3.14519 -3.21195
3.14519 -3.21195
3.14519 -3.21195
3.14519 -3.21195
3.14519 -3.21195
3.14519 -3.21195
3.14519 -3.21195
3.14519 -3.21195
3.14519 -3.21195
3.14519 -3.21195
3.14519 -3.21195
3.14519 -3.21195
3.14519 -3.21195
3.14519 -3.21195
3.14519 -3.21195
3.14519 -3.21195
3.14519 -3.21195
3.14519 -3.21195
3.14519 -3.21195
3.14519 -3.21195
3.14519 -3.21195
3.14519 -3.21195
3.14519 -3.21195
3.14519 -3.21195
3.14519 -3.21195
3.14519 -3.21195
3.14519 -3.21195
3.14519 -3.21195
3.14519 -3.21195
3.14519 -3.21195
3.14519 -3.21195
3.14519 -3.21195
3.14519 -3.21195
3.14519 -3.21195
3.14519 -3.21195
3.14519 -3.21195
3.14519 -3.21195
3.14519 -3.21195
3.14519 -3.21195
3.14519 -3.21195
3.14519 -3.21195
3.14519 -3.21195
3.14519 -3.21195
3.14519 -3.21195
3.14519 -3.21195
3.14519 -3.21195
3.14519 -3.21195
3.14519 -3.21195
3.14519 -3.21195
3.14519 -3.21195
3.14519 -3.21195
3.14519 -3.21195
3.14519 -3.21195
3.14519 -3.21195
3.14519 -3.21195
3.14519 -3.21195
3.14519 -3.21195
3.14519 -3.21195
3.14519 -3.21195
3.14519 -3.21195
3.14519 -3.21195
3.14519 -3.21195
3.14519 -3.21195
3.14519 -3.21195
3.14519 -3.21195
3.14519 -3.21195
3.14519 -3.21195
3.14519 -3.21195
3.14519 -3.21195
3.14519 -3.21195
3.14519 -3.21195
3.14519 -3.21195
3.14519 -3.21195
3.14519 -3.21195
3.14519 -3.21195
3.14519 -3.21195
3.14519 -3.21195
3.14519 -3.21195
3.14519 -3.21195
3.14519 -3.21195
3.14519 -3.21195
3.14519 -3.21195
3.14519 -3.21195
3.14519 -3.21195
3.14519 -3.21195
3.14519 -3.21195
3.14519 -3.21195
3.14519 -3.21195
3.14519 -3.21195
3.14519 -3.21195
3.14519 -3.21195
3.14519 -3.21195
3.14519 -3.21195
3.14519 -3.21195
3.14519 -3.21195
3.14519 -3.21195
3.14519 -3.21195
3.14519 -3.21195
3.14519 -3.21195
3.14519 -3.21195
3.14519 -3.21195
3.14519 -3.21195
3.14519 -3.21195
3.14519 -3.21195
3.14519 -3.21195
3.14519 -3.21195
3.14519 -3.21195
3.14519 -3.21195
3.14519 -3.21195
3.14519 -3.21195
3.14519 -3.21195
3.14519 -3.21195
3.14519 -3.21195
3.14519 -3.21195
3.14519 -3.21195
3.14519 -3.21195
3.14519 -3.21195
3.14519 -3.21195
3.14519 -3.21195
3.14519 -3.21195
3.14519 -3.21195
3.14519 -3.21195
3.14519 -3.21195
3.14519 -3.21195
3.14519 -3.21195
3.14519 -3.21195
3.14519 -3.21195
3.14519 -3.21195
3.14519 -3.21195
3.14519 -3.21195
3.14519 -3.21195
3.14519 -3.21195
3.14519 -3.21195
3.14519 -3.21195
3.14519 -3.21195
3.14519 -3.21195
3.14519 -3.21195
3.14519 -3.21195
3.14519 -3.21195
3.14519 -3.21195
3.14519 -3.21195
3.14519 -3.21195
3.14519 -3.21195
3.14519 -3.21195
3.14519 -3.21195
3.14519 -3.21195
3.14519 -3.21195
3.14519 -3.21195
3.14519 -3.21195
3.14519 -3.21195
3.14519 -3.21195
3.14519 -3.21195
3.14519 -3.21195
3.14519 -3.21195
3.14519 -3.21195
3.14519 -3.21195
3.14519 -3.21195
3.14519 -3.21195
3.14519 -3.21195
3.14519 -3.21195
3.14519 -3.21195
3.14519 -3.21195
3.14519 -3.21195
3.14519 -3.21195
3.14519 -3.21195
3.14519 -3.21195
3.14519 -3.21195
3.14519 -3.21195
3.14519 -3.21195
3.14519 -3.21195
3.14519 -3.21195
3.14519 -3.21195
3.14519 -3.21195
3.14519 -3.21195
3.14519 -3.21195
3.14519 -3.21195
3.14519 -3.21195
3.14519 -3.21195
3.14519 -3.21195
3.14519 -3.21195
3.14519 -3.21195
3.14519 -3.21195
3.14519 -3.21195
3.14519 -3.21195
3.14519 -3.21195
3.14519 -3.21195
3.14519 -3.21195
3.14519 -3.21195
3.14519 -3.21195
3.14519 -3.21195
3.14519 -3.21195
3.14519 -3.21195
3.14519 -3.21195
3.14519 -3.21195
3.14519 -3.21195
3.14519 -3.21195
3.14519 -3.21195
3.14519 -3.21195
3.14519 -3.21195
3.14519 -3.21195
3.14519 -3.21195
3.14519 -3.21195
3.14519 -3.21195
3.14519 -3.21195
3.14519 -3.21195
3.14519 -3.21195
3.14519 -3.21195
3.14519 -3.21195
3.14519 -3.21195
3.14519 -3.21195
3.14519 -3.21195
3.14519 -3.21195
3.14519 -3.21195
3.14519 -3.21195
3.14519 -3.21195
3.14519 -3.21195
3.14519 -3.21195
3.14519 -3.21195
3.14519 -3.21195
3.14519 -3.21195
3.14519 -3.21195
3.14519 -3.21195
3.14519 -3.21195
3.14519 -3.21195
3.14519 -3.21195
3.14519 -3.21195
3.14519 -3.21195
3.14519 -3.21195
3.14519 -3.21195
3.14519 -3.21195
3.14519 -3.21195
3.14519 -3.21195
3.14519 -3.21195
3.14519 -3.21195
3.14519 -3.21195
3.14519 -3.21195
3.14519 -3.21195
3.14519 -3.21195
3.14519 -3.21195
3.14519 -3.21195
3.14519 -3.21195
3.14519 -3.21195
3.14519 -3.21195
3.14519 -3.21195
3.14519 -3.21195
3.14519 -3.21195
3.14519 -3.21195
3.14519 -3.21195
3.14519 -3.21195
3.14519 -3.21195
3.14519 -3.21195
3.14519 -3.21195
3.14519 -3.21195
3.14519 -3.21195
3.14519 -3.21195
3.14519 -3.21195
3.14519 -3.21195
3.14519 -3.21195
3.14519 -3.21195
3.14519 -3.21195
3.14519 -3.21195
3.14519 -3.21195
3.14519 -3.21195
3.14519 -3.21195
3.14519 -3.21195
3.14519 -3.21195
3.14519 -3.21195
3.14519 -3.21195
3.14519 -3.21195
3.14519 -3.21195
3.14519 -3.21195
3.14519 -3.21195
3.14519 -3.21195
3.14519 -3.21195
3.14519 -3.21195
3.14519 -3.21195
3.14519 -3.21195
3.14519 -3.21195
3.14519 -3.21195
3.14519 -3.21195
3.14519 -3.21195
3.14519 -3.21195
3.14519 -3.21195
3.14519 -3.21195
3.14519 -3.21195
3.14519 -3.21195
3.14519 -3.21195
3.14519 -3.21195
3.14519 -3.21195
3.14519 -3.21195
3.14519 -3.21195
3.14519 -3.21195
3.14519 -3.21195
3.14519 -3.21195
3.14519 -3.21195
3.14519 -3.21195
3.14519 -3.21195
3.14519 -3.21195
3.14519 -3.21195
3.14519 -3.21195
3.14519 -3.21195
3.14519 -3.21195
3.14519 -3.21195
3.14519 -3.21195
3.14519 -3.21195
3.14519 -3.21195
3.14519 -3.21195
3.14519 -3.21195
3.14519 -3.21195
3.14519 -3.21195
3.14519 -3.21195
3.14519 -3.21195
3.14519 -3.21195
3.14519 -3.21195
3.14519 -3.21195
3.14519 -3.21195
3.14519 -3.21195
3.14519 -3.21195
3.14519 -3.21195
3.14519 -3.21195
3.14519 -3.21195
3.14519 -3.21195
3.14519 -3.21195
3.14519 -3.21195
3.14519 -3.21195
3.14519 -3.21195
3.14519 -3.21195
3.14519 -3.21195
3.14519 -3.21195
3.14519 -3.21195
3.14519 -3.21195
3.14519 -3.21195
3.14519 -3.21195
3.14519 -3.21195
3.14519 -3.21195
3.14519 -3.21195
3.14519 -3.21195
3.14519 -3.21195
3.14519 -3.21195
3.14519 -3.21195
3.14519 -3.21195
3.14519 -3.21195
3.14519 -3.21195
3.14519 -3.21195
3.14519 -3.21195
3.14519 -3.21195
3.14519 -3.21195
3.14519 -3.21195
3.14519 -3.21195
3.14519 -3.21195
3.14519 -3.21195
3.14519 -3.21195
3.14519 -3.21195
3.14519 -3.21195
3.14519 -3.21195
3.14519 -3.21195
3.14519 -3.21195
3.14519 -3.21195
3.14519 -3.21195
3.14519 -3.21195
3.14519 -3.21195
3.14519 -3.21195
3.14519 -3.21195
3.14519 -3.21195
3.14519 -3.21195
3.14519 -3.21195
3.14519 -3.21195
3.14519 -3.21195
3.14519 -3.21195
3.14519 -3.21195
3.14519 -3.21195
3.14519 -3.21195
3.14519 -3.21195
3.14519 -3.21195
3.14519 -3.21195
3.14519 -3.21195
3.14519 -3.21195
3.14519 -3.21195
3.14519 -3.21195
3.14519 -3.21195
3.14519 -3.21195
3.14519 -3.21195
3.14519 -3.21195
3.14519 -3.21195
3.14519 -3.21195
3.14519 -3.21195
3.14519 -3.21195
3.14519 -3.21195
3.14519 -3.21195
3.14519 -3.21195
3.14519 -3.21195
3.14519 -3.21195
3.14519 -3.21195
3.14519 -3.21195
3.14519 -3.21195
3.14519 -3.21195
3.14519 -3.21195
3.14519 -3.21195
3.14519 -3.21195
3.14519 -3.21195
3.14519 -3.21195
3.14519 -3.21195
3.14519 -3.21195
3.14519 -3.21195
3.14519 -3.21195
3.14519 -3.21195
3.14519 -3.21195
3.14519 -3.21195
3.14519 -3.21195
3.14519 -3.21195
3.14519 -3.21195
3.14519 -3.21195
3.14519 -3.21195
3.14519 -3.21195
3.14519 -3.21195
3.14519 -3.21195
3.14519 -3.21195
3.14519 -3.21195
3.14519 -3.21195
3.14519 -3.21195
3.14519 -3.21195
3.14519 -3.21195
3.14519 -3.21195
3.14519 -3.21195
3.14519 -3.21195
3.14519 -3.21195
3.14519 -3.21195
3.14519 -3.21195
3.14519 -3.21195
3.14519 -3.21195
3.14519 -3.21195
3.14519 -3.21195
3.14519 -3.21195
3.14519 -3.21195
3.14519 -3.21195
3.14519 -3.21195
3.14519 -3.21195
3.14519 -3.21195
3.14519 -3.21195
3.14519 -3.21195
3.14519 -3.21195
3.14519 -3.21195
3.14519 -3.21195
3.14519 -3.21195
3.14519 -3.21195
3.14519 -3.21195
3.14519 -3.21195
3.14519 -3.21195
3.14519 -3.21195
3.14519 -3.21195
3.14519 -3.21195
3.14519 -3.21195
3.14519 -3.21195
3.14519 -3.21195
3.14519 -3.21195
3.14519 -3.21195
3.14519 -3.21195
3.14519 -3.21195
3.14519 -3.21195
3.14519 -3.21195
3.14519 -3.21195
3.14519 -3.21195
3.14519 -3.21195
3.14519 -3.21195
3.14519 -3.21195
3.14519 -3.21195
3.14519 -3.21195
3.14519 -3.21195
3.14519 -3.21195
3.14519 -3.21195
3.14519 -3.21195
3.14519 -3.21195
3.14519 -3.21195
3.14519 -3.21195
3.14519 -3.21195
3.14519 -3.21195
3.14519 -3.21195
3.14519 -3.21195
3.14519 -3.21195
3.14519 -3.21195
3.14519 -3.21195
3.14519 -3.21195
3.14519 -3.21195
3.14519 -3.21195
3.14519 -3.21195
3.14519 -3.21195
3.14519 -3.21195
3.14519 -3.21195
3.14519 -3.21195
3.14519 -3.21195
3.14519 -3.21195
3.14519 -3.21195
3.14519 -3.21195
3.14519 -3.21195
3.14519 -3.21195
3.14519 -3.21195
3.14519 -3.21195
3.14519 -3.21195
3.14519 -3.21195
3.14519 -3.21195
3.14519 -3.21195
3.14519 -3.21195
3.14519 -3.21195
3.14519 -3.21195
3.14519 -3.21195
3.14519 -3.21195
3.14519 -3.21195
3.14519 -3.21195
3.14519 -3.21195
3.14519 -3.21195
3.14519 -3.21195
3.14519 -3.21195
3.14519 -3.21195
3.14519 -3.21195
3.14519 -3.21195
3.14519 -3.21195
3.14519 -3.21195
3.14519 -3.21195
3.14519 -3.21195
3.14519 -3.21195
3.14519 -3.21195
3.14519 -3.21195
3.14519 -3.21195
3.14519 -3.21195
3.14519 -3.21195
3.14519 -3.21195
3.14519 -3.21195
3.14519 -3.21195
3.14519 -3.21195
3.14519 -3.21195
3.14519 -3.21195
3.14519 -3.21195
3.14519 -3.21195
3.14519 -3.21195
3.14519 -3.21195
3.14519 -3.21195
3.14519 -3.21195
3.14519 -3.21195
3.14519 -3.21195
3.14519 -3.21195
3.14519 -3.21195
3.14519 -3.21195
3.14519 -3.21195
3.14519 -3.21195
3.14519 -3.21195
3.14519 -3.21195
3.14519 -3.21195
3.14519 -3.21195
3.14519 -3.21195
3.14519 -3.21195
3.14519 -3.21195
3.14519 -3.21195
3.14519 -3.21195
3.14519 -3.21195
3.14519 -3.21195
3.14519 -3.21195
3.14519 -3.21195
3.14519 -3.21195
3.14519 -3.21195
3.14519 -3.21195
3.14519 -3.21195
3.14519 -3.21195
3.14519 -3.21195
3.14519 -3.21195
3.14519 -3.21195
3.14519 -3.21195
3.14519 -3.21195
3.14519 -3.21195
3.14519 -3.21195
3.14519 -3.21195
3.14519 -3.21195
3.14519 -3.21195
3.14519 -3.21195
3.14519 -3.21195
3.14519 -3.21195
3.14519 -3.21195
3.14519 -3.21195
3.14519 -3.21195
3.14519 -3.21195
3.14519 -3.21195
3.14519 -3.21195
3.14519 -3.21195
3.14519 -3.21195
3.14519 -3.21195
3.14519 -3.21195
3.14519 -3.21195
3.14519 -3.21195
3.14519 -3.21195
3.14519 -3.21195
3.14519 -3.21195
3.14519 -3.21195
3.14519 -3.21195
3.14519 -3.21195
3.14519 -3.21195
3.14519 -3.21195
3.14519 -3.21195
3.14519 -3.21195
3.14519 -3.21195
3.14519 -3.21195
3.14519 -3.21195
3.14519 -3.21195
3.14519 -3.21195
3.14519 -3.21195
3.14519 -3.21195
3.14519 -3.21195
3.14519 -3.21195
3.14519 -3.21195
3.14519 -3.21195
3.14519 -3.21195
3.14519 -3.21195
3.14519 -3.21195
3.14519 -3.21195
3.14519 -3.21195
3.14519 -3.21195
3.14519 -3.21195
3.14519 -3.21195
3.14519 -3.21195
3.14519 -3.21195
3.14519 -3.21195
3.14519 -3.21195
3.14519 -3.21195
3.14519 -3.21195
3.14519 -3.21195
3.14519 -3.21195
3.14519 -3.21195
3.14519 -3.21195
3.14519 -3.21195
3.14519 -3.21195
3.14504 -3.21275
3.14475 -3.21436
3.14193 -3.22987
3.1374 -3.25459
3.13258 -3.28067
3.12813 -3.30466
3.12377 -3.32795
3.1193 -3.35163
3.11474 -3.3757
3.11013 -3.39977
3.1055 -3.42384
3.10093 -3.44767
3.09584 -3.4743
3.09173 -3.4956
3.08926 -3.50832
3.08256 -3.54319
3.07781 -3.56766
3.07312 -3.59157
3.06843 -3.61523
3.06366 -3.63931
3.05893 -3.663
3.05419 -3.68666
3.04944 -3.7105
3.04475 -3.7341
3.04006 -3.75766
3.03539 -3.78118
3.03074 -3.80459
3.02611 -3.82796
3.02134 -3.85193
3.0168 -3.87486
3.01206 -3.89895
3.00743 -3.9229
3.00288 -3.94677
2.99836 -3.97087
2.99394 -3.99489
2.98956 -4.01874
2.9851 -4.04278
2.98067 -4.06648
2.97614 -4.09048
2.97175 -4.11407
2.96696 -4.14024
2.963 -4.16182
2.9584 -4.1863
2.95405 -4.20926
2.94959 -4.2331
2.94517 -4.25704
2.9407 -4.28118
2.93638 -4.30437
2.93198 -4.32811
2.92752 -4.35216
2.92308 -4.3762
2.91871 -4.39972
2.91428 -4.42356
2.90988 -4.44715
2.90538 -4.47083
2.90076 -4.49525
2.89628 -4.51916
2.89182 -4.54293
2.88734 -4.56682
2.8828 -4.59081
2.87824 -4.61481
2.8737 -4.63854
2.8692 -4.66199
2.86462 -4.68617
2.86006 -4.71029
2.85554 -4.73401
2.85101 -4.75782
2.8465 -4.78163
2.84143 -4.8084
2.83757 -4.82872
2.8331 -4.8522
2.82855 -4.87606
2.824 -4.89994
2.81935 -4.92423
2.81481 -4.94825
2.8104 -4.97173
2.80596 -4.9954
2.80144 -5.01967
2.79915 -5.03201
2.79262 -5.06725
2.78825 -5.09074
2.78378 -5.11461
2.7793 -5.13879
2.77487 -5.16287
2.7705 -5.18669
2.76603 -5.21103
2.7617 -5.23453
2.75747 -5.2581
2.75319 -5.282
2.74891 -5.3058
2.74465 -5.32923
2.74033 -5.35285
2.73602 -5.37655
2.73165 -5.40078
2.72726 -5.4251
2.72292 -5.44896
2.71852 -5.47307
2.71415 -5.49691
2.7097 -5.52115
2.70524 -5.54509
2.70286 -5.55782
2.69635 -5.59277
2.69197 -5.61643
2.68838 -5.63583
2.6863 -5.64708
2.68623 -5.64749
2.68626 -5.64728
2.68626 -5.64728
2.68626 -5.64728
2.68626 -5.64728
2.68626 -5.64728
2.68626 -5.64728
2.68626 -5.64728
2.68626 -5.64728
2.68626 -5.64728
2.68626 -5.64728
2.68626 -5.64728
2.68626 -5.64728
2.68626 -5.64728
2.68626 -5.64728
2.68626 -5.64728
2.68626 -5.64728
2.68626 -5.64728
2.68626 -5.64728
2.68626 -5.64728
2.68626 -5.64728
2.68626 -5.64728
2.68626 -5.64728
2.68626 -5.64728
2.68626 -5.64728
2.68626 -5.64728
2.68626 -5.64728
2.68626 -5.64728
2.68626 -5.64728
2.68626 -5.64728
2.68626 -5.64728
2.68626 -5.64728
2.68626 -5.64728
2.68626 -5.64728
2.68626 -5.64728
2.68626 -5.64728
2.68626 -5.64728
2.68626 -5.64728
2.68626 -5.64728
2.68626 -5.64728
2.68626 -5.64728
2.68626 -5.64728
2.68626 -5.64728
2.68626 -5.64728
2.68626 -5.64728
2.68626 -5.64728
2.68626 -5.64728
2.68626 -5.64728
2.68626 -5.64728
2.68626 -5.64728
2.68626 -5.64728
2.68626 -5.64728
2.68626 -5.64728
2.68626 -5.64728
2.68626 -5.64728
2.68626 -5.64728
2.68626 -5.64728
2.68626 -5.64728
2.68626 -5.64728
2.68626 -5.64728
2.68626 -5.64728
2.68626 -5.64728
2.68626 -5.64728
2.68626 -5.64728
2.68626 -5.64728
2.68626 -5.64728
2.68626 -5.64728
2.68626 -5.64728
2.68626 -5.64728
2.68626 -5.64728
2.68626 -5.64728
2.68626 -5.64728
2.68626 -5.64728
2.68626 -5.64728
2.68626 -5.64728
2.68626 -5.64728
2.68626 -5.64728
2.68626 -5.64728
2.68626 -5.64728
2.68626 -5.64728
2.68626 -5.64728
2.68626 -5.64728
2.68626 -5.64728
2.68626 -5.64728
2.68626 -5.64728
2.68626 -5.64728
2.68626 -5.64728
2.68626 -5.64728
2.68626 -5.64728
2.68626 -5.64728
2.68626 -5.64728
2.68626 -5.64728
2.68626 -5.64728
2.68626 -5.64728
2.68626 -5.64728
2.68626 -5.64728
2.68626 -5.64728
2.68626 -5.64728
2.68626 -5.64728
2.68626 -5.64728
2.68626 -5.64728
2.68626 -5.64728
2.68626 -5.64728
2.68626 -5.64728
2.68626 -5.64728
2.68626 -5.64728
2.68626 -5.64728
2.68626 -5.64728
2.68626 -5.64728
2.68626 -5.64728
2.68626 -5.64728
2.68626 -5.64728
2.68626 -5.64728
2.68626 -5.64728
2.68626 -5.64728
2.68626 -5.64728
2.68626 -5.64728
2.68626 -5.64728
2.68626 -5.64728
2.68626 -5.64728
2.68626 -5.64728
2.68626 -5.64728
2.68626 -5.64728
2.68626 -5.64728
2.68626 -5.64728
2.68626 -5.64728
2.68626 -5.64728
2.68626 -5.64728
2.68626 -5.64728
2.68626 -5.64728
2.68626 -5.64728
2.68626 -5.64728
2.68626 -5.64728
2.68626 -5.64728
2.68626 -5.64728
2.68626 -5.64728
2.68626 -5.64728
2.68626 -5.64728
2.68626 -5.64728
2.68626 -5.64728
2.68626 -5.64728
2.68626 -5.64728
2.68626 -5.64728
2.68626 -5.64728
2.68626 -5.64728
2.68626 -5.64728
2.68626 -5.64728
2.68626 -5.64728
2.68626 -5.64728
2.68626 -5.64728
2.68626 -5.64728
2.68626 -5.64728
2.68626 -5.64728
2.68626 -5.64728
2.68626 -5.64728
2.68626 -5.64728
2.68626 -5.64728
2.68626 -5.64728
2.68626 -5.64728
2.68626 -5.64728
2.68626 -5.64728
2.68626 -5.64728
2.68626 -5.64728
2.68626 -5.64728
2.68626 -5.64728
2.68626 -5.64728
2.68626 -5.64728
2.68626 -5.64728
2.68626 -5.64728
2.68626 -5.64728
2.68626 -5.64728
2.68626 -5.64728
2.68626 -5.64728
2.68626 -5.64728
2.68626 -5.64728
2.68626 -5.64728
2.68626 -5.64728
2.68626 -5.64728
2.68626 -5.64728
2.68626 -5.64728
2.68626 -5.64728
2.68626 -5.64728
2.68626 -5.64728
2.68626 -5.64728
2.68626 -5.64728
2.68626 -5.64728
2.68626 -5.64728
2.68626 -5.64728
2.68626 -5.64728
2.68626 -5.64728
2.68626 -5.64728
2.68626 -5.64728
2.68626 -5.64728
2.68626 -5.64728
2.68626 -5.64728
2.68626 -5.64728
2.68626 -5.64728
2.68626 -5.64728
2.68626 -5.64728
2.68626 -5.64728
2.68626 -5.64728
2.68626 -5.64728
2.68626 -5.64728
2.68626 -5.64728
2.68626 -5.64728
2.68626 -5.64728
2.68626 -5.64728
2.68626 -5.64728
2.68626 -5.64728
2.68626 -5.64728
2.68626 -5.64728
2.68626 -5.64728
2.68626 -5.64728
2.68626 -5.64728
2.68626 -5.64728
2.68626 -5.64728
2.68626 -5.64728
2.68626 -5.64728
2.68626 -5.64728
2.68626 -5.64728
2.68626 -5.64728
2.68626 -5.64728
2.68626 -5.64728
2.68626 -5.64728
2.68626 -5.64728
2.68626 -5.64728
2.68626 -5.64728
2.68626 -5.64728
2.68626 -5.64728
2.68626 -5.64728
2.68626 -5.64728
2.68626 -5.64728
2.68626 -5.64728
2.68626 -5.64728
2.68626 -5.64728
2.68626 -5.64728
2.68626 -5.64728
2.68626 -5.64728
2.68626 -5.64728
2.68626 -5.64728
2.68626 -5.64728
2.68626 -5.64728
2.68626 -5.64728
2.68626 -5.64728
2.68626 -5.64728
2.68626 -5.64728
2.68626 -5.64728
2.68626 -5.64728
2.68626 -5.64728
2.68626 -5.64728
2.68626 -5.64728
2.68626 -5.64728
2.68626 -5.64728
2.68626 -5.64728
2.68626 -5.64728
2.68626 -5.64728
2.68626 -5.64728
2.68626 -5.64728
2.68626 -5.64728
2.68626 -5.64728
2.68626 -5.64728
2.68626 -5.64728
2.68626 -5.64728
2.68626 -5.64728
2.68626 -5.64728
2.68626 -5.64728
2.68626 -5.64728
2.68626 -5.64728
2.68626 -5.64728
2.68626 -5.64728
2.68626 -5.64728
2.68626 -5.64728
2.68626 -5.64728
2.68626 -5.64728
2.68626 -5.64728
2.68626 -5.64728
2.68626 -5.64728
2.68626 -5.64728
2.68626 -5.64728
2.68626 -5.64728
2.68626 -5.64728
2.68626 -5.64728
2.68626 -5.64728
2.68626 -5.64728
2.68626 -5.64728
2.68626 -5.64728
2.68626 -5.64728
2.68626 -5.64728
2.68626 -5.64728
2.68626 -5.64728
2.68626 -5.64728
2.68626 -5.64728
2.68626 -5.64728
2.68626 -5.64728
2.68626 -5.64728
2.68626 -5.64728
2.68626 -5.64728
2.68626 -5.64728
2.68626 -5.64728
2.68626 -5.64728
2.68626 -5.64728
2.68626 -5.64728
2.68626 -5.64728
2.68626 -5.64728
2.68626 -5.64728
2.68626 -5.64728
2.68626 -5.64728
2.68626 -5.64728
2.68626 -5.64728
2.68626 -5.64728
2.68626 -5.64728
2.68626 -5.64728
2.68626 -5.64728
2.68626 -5.64728
2.68626 -5.64728
2.68626 -5.64728
2.68626 -5.64728
2.68626 -5.64728
2.68626 -5.64728
2.68626 -5.64728
2.68626 -5.64728
2.68626 -5.64728
2.68626 -5.64728
2.68626 -5.64728
2.68626 -5.64728
2.68626 -5.64728
2.68626 -5.64728
2.68626 -5.64728
2.68626 -5.64728
2.68626 -5.64728
2.68626 -5.64728
2.68626 -5.64728
2.68626 -5.64728
2.68626 -5.64728
2.68626 -5.64728
2.68626 -5.64728
2.68626 -5.64728
2.68626 -5.64728
2.68626 -5.64728
2.68626 -5.64728
2.68626 -5.64728
2.68626 -5.64728
2.68626 -5.64728
2.68626 -5.64728
2.68626 -5.64728
2.68626 -5.64728
2.68626 -5.64728
2.68626 -5.64728
2.68626 -5.64728
2.68626 -5.64728
2.68626 -5.64728
2.68626 -5.64728
2.68626 -5.64728
2.68626 -5.64728
2.68626 -5.64728
2.68626 -5.64728
2.68626 -5.64728
2.68626 -5.64728
2.68626 -5.64728
2.68626 -5.64728
2.68626 -5.64728
2.68626 -5.64728
2.68626 -5.64728
2.68626 -5.64728
2.68626 -5.64728
2.68626 -5.64728
2.68626 -5.64728
2.68626 -5.64728
2.68626 -5.64728
2.68626 -5.64728
2.68626 -5.64728
2.68626 -5.64728
2.68626 -5.64728
2.68626 -5.64728
2.68626 -5.64728
2.68626 -5.64728
2.68626 -5.64728
2.68626 -5.64728
2.68626 -5.64728
2.68626 -5.64728
2.68626 -5.64728
2.68626 -5.64728
2.68626 -5.64728
2.68626 -5.64728
2.68626 -5.64728
2.68626 -5.64728
2.68626 -5.64728
2.68626 -5.64728
2.68626 -5.64728
2.68626 -5.64728
2.68626 -5.64728
2.68626 -5.64728
2.68626 -5.64728
2.68626 -5.64728
2.68626 -5.64728
2.68626 -5.64728
2.68626 -5.64728
2.68626 -5.64728
2.68626 -5.64728
2.68626 -5.64728
2.68626 -5.64728
2.68626 -5.64728
2.68626 -5.64728
2.68626 -5.64728
2.68626 -5.64728
2.68626 -5.64728
2.68626 -5.64728
2.68626 -5.64728
2.68626 -5.64728
2.68626 -5.64728
2.68626 -5.64728
2.68626 -5.64728
2.68626 -5.64728
2.68626 -5.64728
2.68626 -5.64728
2.68626 -5.64728
2.68626 -5.64728
2.68626 -5.64728
2.68626 -5.64728
2.68626 -5.64728
2.68626 -5.64728
2.68626 -5.64728
2.68626 -5.64728
2.68626 -5.64728
2.68626 -5.64728
2.68626 -5.64728
2.68626 -5.64728
2.68626 -5.64728
2.68626 -5.64728
2.68626 -5.64728
2.68626 -5.64728
2.68626 -5.64728
2.68626 -5.64728
2.68626 -5.64728
2.68626 -5.64728
2.68626 -5.64728
2.68626 -5.64728
2.68626 -5.64728
2.68626 -5.64728
2.68626 -5.64728
2.68626 -5.64728
2.68626 -5.64728
2.68626 -5.64728
2.68626 -5.64728
2.68626 -5.64728
2.68626 -5.64728
2.68626 -5.64728
2.68626 -5.64728
2.68626 -5.64728
2.68626 -5.64728
2.68626 -5.64728
2.68626 -5.64728
2.68626 -5.64728
2.68626 -5.64728
2.68626 -5.64728
2.68626 -5.64728
2.68626 -5.64728
2.68626 -5.64728
2.68626 -5.64728
2.68626 -5.64728
2.68626 -5.64728
2.68626 -5.64728
2.68626 -5.64728
2.68626 -5.64728
2.68626 -5.64728
2.68626 -5.64728
2.68626 -5.64728
2.68626 -5.64728
2.68626 -5.64728
2.68626 -5.64728
2.68626 -5.64728
2.68626 -5.64728
2.68626 -5.64728
2.68626 -5.64728
2.68626 -5.64728
2.68626 -5.64728
2.68626 -5.64728
2.68626 -5.64728
2.68626 -5.64728
2.68626 -5.64728
2.68626 -5.64728
2.68626 -5.64728
2.68626 -5.64728
2.68626 -5.64728
2.68626 -5.64728
2.68626 -5.64728
2.68626 -5.64728
2.68626 -5.64728
2.68626 -5.64728
2.68626 -5.64728
2.68626 -5.64728
2.68626 -5.64728
2.68626 -5.64728
2.68626 -5.64728
2.68626 -5.64728
2.68626 -5.64728
2.68626 -5.64728
2.68626 -5.64728
2.68626 -5.64728
2.68626 -5.64728
2.68626 -5.64728
2.68626 -5.64728
2.68626 -5.64728
2.68626 -5.64728
2.68626 -5.64728
2.68626 -5.64728
2.68626 -5.64728
2.68626 -5.64728
2.68626 -5.64728
2.68626 -5.64728
2.68626 -5.64728
2.68626 -5.64728
2.68678 -5.64448
2.68893 -5.63267
2.69359 -5.60728
2.69798 -5.58351
2.70242 -5.55905
2.70662 -5.53563
2.71088 -5.5118
2.71522 -5.48752
2.71959 -5.46325
2.72392 -5.43945
2.72822 -5.41575
2.73259 -5.39143
2.7368 -5.36795
2.741 -5.34472
2.74529 -5.32077
2.74957 -5.2968
2.7538 -5.27291
2.75823 -5.2484
2.76058 -5.23588
2.76725 -5.20031
2.77176 -5.17623
2.77636 -5.15182
2.78091 -5.12815
2.78349 -5.11484
2.79013 -5.08068
2.79483 -5.05652
2.79946 -5.03261
2.80411 -5.00896
2.80894 -4.98493
2.81376 -4.96133
2.81862 -4.93771
2.82351 -4.91433
2.82853 -4.89063
2.83351 -4.86684
2.83842 -4.84319
2.84336 -4.81945
2.84839 -4.7955
2.85337 -4.77175
2.85829 -4.74819
2.8632 -4.72456
2.8681 -4.70102
2.87306 -4.67736
2.87802 -4.65371
2.88311 -4.62939
2.88817 -4.60521
2.89315 -4.58153
2.89812 -4.55801
2.90314 -4.53412
2.90809 -4.51029
2.91288 -4.48686
2.91769 -4.46282
2.9224 -4.43939
2.92719 -4.41561
2.93197 -4.39184
2.93674 -4.36818
2.94154 -4.34495
2.9465 -4.32116
2.95153 -4.29707
2.95644 -4.27329
2.96119 -4.25
2.96586 -4.2268
2.97056 -4.20318
2.97524 -4.17959
2.97996 -4.15595
2.98476 -4.13217
2.98951 -4.10871
2.9943 -4.0849
2.999 -4.06126
3.00149 -4.04881
3.00845 -4.01431
3.01329 -3.99065
3.01815 -3.96691
3.02305 -3.9429
3.0278 -3.91969
3.03264 -3.89597
3.03751 -3.87231
3.04242 -3.84864
3.04726 -3.82517
3.05212 -3.80143
3.05702 -3.77759
3.06197 -3.75371
3.0669 -3.72987
3.07171 -3.70651
3.07667 -3.68251
3.08169 -3.65858
3.0867 -3.6348
3.09175 -3.61066
3.09658 -3.58745
3.10155 -3.56339
3.10642 -3.53979
3.11154 -3.51495
3.11655 -3.49055
3.12123 -3.4676
3.12603 -3.4441
3.1308 -3.42085
3.13566 -3.39731
3.14059 -3.37352
3.14543 -3.34998
3.15037 -3.32609
3.15536 -3.30193
3.16021 -3.27836
3.16506 -3.25479
3.16983 -3.23141
3.17321 -3.21473
3.17375 -3.21205
3.17397 -3.21095
3.17397 -3.21095
3.17397 -3.21095
3.17397 -3.21095
3.17397 -3.21095
3.17397 -3.21095
3.17397 -3.21095
3.17397 -3.21095
3.17397 -3.21095
3.17397 -3.21095
3.17397 -3.21095
3.17397 -3.21095
3.17397 -3.21095
3.17397 -3.21095
3.17397 -3.21095
3.17397 -3.21095
3.17397 -3.21095
3.17397 -3.21095
3.17397 -3.21095
3.17397 -3.21095
3.17397 -3.21095
3.17397 -3.21095
3.17397 -3.21095
3.17397 -3.21095
3.17397 -3.21095
3.17397 -3.21095
3.17397 -3.21095
3.17397 -3.21095
3.17397 -3.21095
3.17397 -3.21095
3.17397 -3.21095
3.17397 -3.21095
3.17397 -3.21095
3.17397 -3.21095
3.17397 -3.21095
3.17397 -3.21095
3.17397 -3.21095
3.17397 -3.21095
3.17397 -3.21095
3.17397 -3.21095
3.17397 -3.21095
3.17397 -3.21095
3.17397 -3.21095
3.17397 -3.21095
3.17397 -3.21095
3.17397 -3.21095
3.17397 -3.21095
3.17397 -3.21095
3.17397 -3.21095
3.17397 -3.21095
3.17397 -3.21095
3.17397 -3.21095
3.17397 -3.21095
3.17397 -3.21095
3.17397 -3.21095
3.17397 -3.21095
3.17397 -3.21095
3.17397 -3.21095
3.17397 -3.21095
3.17397 -3.21095
3.17397 -3.21095
3.17397 -3.21095
3.17397 -3.21095
3.17397 -3.21095
3.17397 -3.21095
3.17397 -3.21095
3.17397 -3.21095
3.17397 -3.21095
3.17397 -3.21095
3.17397 -3.21095
3.17397 -3.21095
3.17397 -3.21095
3.17397 -3.21095
3.17397 -3.21095
3.17397 -3.21095
3.17397 -3.21095
3.17397 -3.21095
3.17397 -3.21095
3.17397 -3.21095
3.17397 -3.21095
3.17397 -3.21095
3.17397 -3.21095
3.17397 -3.21095
3.17397 -3.21095
3.17397 -3.21095
3.17397 -3.21095
3.17397 -3.21095
3.17397 -3.21095
3.17397 -3.21095
3.17397 -3.21095
3.17397 -3.21095
3.17397 -3.21095
3.17397 -3.21095
3.17397 -3.21095
3.17397 -3.21095
3.17397 -3.21095
3.17397 -3.21095
3.17397 -3.21095
3.17397 -3.21095
3.17397 -3.21095
3.17397 -3.21095
3.17397 -3.21095
3.17397 -3.21095
3.17397 -3.21095
3.17397 -3.21095
3.17397 -3.21095
3.17397 -3.21095
3.17397 -3.21095
3.17397 -3.21095
3.17397 -3.21095
3.17397 -3.21095
3.17397 -3.21095
3.17397 -3.21095
3.17397 -3.21095
3.17397 -3.21095
3.17397 -3.21095
3.17397 -3.21095
3.17397 -3.21095
3.17397 -3.21095
3.17397 -3.21095
3.17397 -3.21095
3.17397 -3.21095
3.17397 -3.21095
3.17397 -3.21095
3.17397 -3.21095
3.17397 -3.21095
3.17397 -3.21095
3.17397 -3.21095
3.17397 -3.21095
3.17397 -3.21095
3.17397 -3.21095
3.17397 -3.21095
3.17397 -3.21095
3.17397 -3.21095
3.17397 -3.21095
3.17397 -3.21095
3.17397 -3.21095
3.17397 -3.21095
3.17397 -3.21095
3.17397 -3.21095
3.17397 -3.21095
3.17397 -3.21095
3.17397 -3.21095
3.17397 -3.21095
3.17397 -3.21095
3.17397 -3.21095
3.17397 -3.21095
3.17397 -3.21095
3.17397 -3.21095
3.17397 -3.21095
3.17397 -3.21095
3.17397 -3.21095
3.17397 -3.21095
3.17397 -3.21095
3.17397 -3.21095
3.17397 -3.21095
3.17397 -3.21095
3.17397 -3.21095
3.17397 -3.21095
3.17397 -3.21095
3.17397 -3.21095
3.17397 -3.21095
3.17397 -3.21095
3.17397 -3.21095
3.17397 -3.21095
3.17397 -3.21095
3.17397 -3.21095
3.17397 -3.21095
3.17397 -3.21095
3.17397 -3.21095
3.17397 -3.21095
3.17397 -3.21095
3.17397 -3.21095
3.17397 -3.21095
3.17397 -3.21095
3.17397 -3.21095
3.17397 -3.21095
3.17397 -3.21095
3.17397 -3.21095
3.17397 -3.21095
3.17397 -3.21095
3.17397 -3.21095
3.17397 -3.21095
3.17397 -3.21095
3.17397 -3.21095
3.17397 -3.21095
3.17397 -3.21095
3.17397 -3.21095
3.17397 -3.21095
3.17397 -3.21095
3.17397 -3.21095
3.17397 -3.21095
3.17397 -3.21095
3.17397 -3.21095
3.17397 -3.21095
3.17397 -3.21095
3.17397 -3.21095
3.17397 -3.21095
3.17397 -3.21095
3.17397 -3.21095
3.17397 -3.21095
3.17397 -3.21095
3.17397 -3.21095
3.17397 -3.21095
3.17397 -3.21095
3.17397 -3.21095
3.17397 -3.21095
3.17397 -3.21095
3.17397 -3.21095
3.17397 -3.21095
3.17397 -3.21095
3.17397 -3.21095
3.17397 -3.21095
3.17397 -3.21095
3.17397 -3.21095
3.17397 -3.21095
3.17397 -3.21095
3.17397 -3.21095
3.17397 -3.21095
3.17397 -3.21095
3.17397 -3.21095
3.17397 -3.21095
3.17397 -3.21095
3.17397 -3.21095
3.17397 -3.21095
3.17397 -3.21095
3.17397 -3.21095
3.17397 -3.21095
3.17397 -3.21095
3.17397 -3.21095
3.17397 -3.21095
3.17397 -3.21095
3.17397 -3.21095
3.17397 -3.21095
3.17397 -3.21095
3.17397 -3.21095
3.17397 -3.21095
3.17397 -3.21095
3.17397 -3.21095
3.17397 -3.21095
3.17397 -3.21095
3.17397 -3.21095
3.17397 -3.21095
3.17397 -3.21095
3.17397 -3.21095
3.17397 -3.21095
3.17397 -3.21095
3.17397 -3.21095
3.17397 -3.21095
3.17397 -3.21095
3.17397 -3.21095
3.17397 -3.21095
3.17397 -3.21095
3.17397 -3.21095
3.17397 -3.21095
3.17397 -3.21095
3.17397 -3.21095
3.17397 -3.21095
3.17397 -3.21095
3.17397 -3.21095
3.17397 -3.21095
3.17397 -3.21095
3.17397 -3.21095
3.17397 -3.21095
3.17397 -3.21095
3.17397 -3.21095
3.17397 -3.21095
3.17397 -3.21095
3.17397 -3.21095
3.17397 -3.21095
3.17397 -3.21095
3.17397 -3.21095
3.17397 -3.21095
3.17397 -3.21095
3.17397 -3.21095
3.17397 -3.21095
3.17397 -3.21095
3.17397 -3.21095
3.17397 -3.21095
3.17397 -3.21095
3.17397 -3.21095
3.17397 -3.21095
3.17397 -3.21095
3.17397 -3.21095
3.17397 -3.21095
3.17397 -3.21095
3.17397 -3.21095
3.17397 -3.21095
3.17397 -3.21095
3.17397 -3.21095
3.17397 -3.21095
3.17397 -3.21095
3.17397 -3.21095
3.17397 -3.21095
3.17397 -3.21095
3.17397 -3.21095
3.17397 -3.21095
3.17397 -3.21095
3.17397 -3.21095
3.17397 -3.21095
3.17397 -3.21095
3.17397 -3.21095
3.17397 -3.21095
3.17397 -3.21095
3.17397 -3.21095
3.17397 -3.21095
3.17397 -3.21095
3.17397 -3.21095
3.17397 -3.21095
3.17397 -3.21095
3.17397 -3.21095
3.17397 -3.21095
3.17397 -3.21095
3.17397 -3.21095
3.17397 -3.21095
3.17397 -3.21095
3.17397 -3.21095
3.17397 -3.21095
3.17397 -3.21095
3.17397 -3.21095
3.17397 -3.21095
3.17397 -3.21095
3.17397 -3.21095
3.17397 -3.21095
3.17397 -3.21095
3.17397 -3.21095
3.17397 -3.21095
3.17397 -3.21095
3.17397 -3.21095
3.17397 -3.21095
3.17397 -3.21095
3.17397 -3.21095
3.17397 -3.21095
3.17397 -3.21095
3.17397 -3.21095
3.17397 -3.21095
3.17397 -3.21095
3.17397 -3.21095
3.17397 -3.21095
3.17397 -3.21095
3.17397 -3.21095
3.17397 -3.21095
3.17397 -3.21095
3.17397 -3.21095
3.17397 -3.21095
3.17397 -3.21095
3.17397 -3.21095
3.17397 -3.21095
3.17397 -3.21095
3.17397 -3.21095
3.17397 -3.21095
3.17397 -3.21095
3.17397 -3.21095
3.17397 -3.21095
3.17397 -3.21095
3.17397 -3.21095
3.17397 -3.21095
3.17397 -3.21095
3.17397 -3.21095
3.17397 -3.21095
3.17397 -3.21095
3.17397 -3.21095
3.17397 -3.21095
3.17397 -3.21095
3.17397 -3.21095
3.17397 -3.21095
3.17397 -3.21095
3.17397 -3.21095
3.17397 -3.21095
3.17397 -3.21095
3.17397 -3.21095
3.17397 -3.21095
3.17397 -3.21095
3.17397 -3.21095
3.17397 -3.21095
3.17397 -3.21095
3.17397 -3.21095
3.17397 -3.21095
3.17397 -3.21095
3.17397 -3.21095
3.17397 -3.21095
3.17397 -3.21095
3.17397 -3.21095
3.17397 -3.21095
3.17397 -3.21095
3.17397 -3.21095
3.17397 -3.21095
3.17397 -3.21095
3.17397 -3.21095
3.17397 -3.21095
3.17397 -3.21095
3.17397 -3.21095
3.17397 -3.21095
3.17397 -3.21095
3.17397 -3.21095
3.17397 -3.21095
3.17397 -3.21095
3.17397 -3.21095
3.17397 -3.21095
3.17397 -3.21095
3.17397 -3.21095
3.17397 -3.21095
3.17397 -3.21095
3.17397 -3.21095
3.17397 -3.21095
3.17397 -3.21095
3.17397 -3.21095
3.17397 -3.21095
3.17397 -3.21095
3.17397 -3.21095
3.17397 -3.21095
3.17397 -3.21095
3.17397 -3.21095
3.17397 -3.21095
3.17397 -3.21095
3.17397 -3.21095
3.17397 -3.21095
3.17397 -3.21095
3.17397 -3.21095
3.17397 -3.21095
3.17397 -3.21095
3.17397 -3.21095
3.17397 -3.21095
3.17397 -3.21095
3.17397 -3.21095
3.17397 -3.21095
3.17397 -3.21095
3.17397 -3.21095
3.17397 -3.21095
3.17397 -3.21095
3.17397 -3.21095
3.17397 -3.21095
3.17397 -3.21095
3.17397 -3.21095
3.17397 -3.21095
3.17397 -3.21095
3.17397 -3.21095
3.17397 -3.21095
3.17397 -3.21095
3.17397 -3.21095
3.17397 -3.21095
3.17397 -3.21095
3.17397 -3.21095
3.17397 -3.21095
3.17397 -3.21095
3.17397 -3.21095
3.17397 -3.21095
3.17397 -3.21095
3.17397 -3.21095
3.17397 -3.21095
3.17397 -3.21095
3.17397 -3.21095
3.17397 -3.21095
