2.20508 -1.88952
2.20508 -1.88952
2.20508 -1.88952
2.20508 -1.88952
2.20508 -1.88952
2.20508 -1.88952
2.20508 -1.88952
2.20508 -1.88952
2.20508 -1.88952
2.20508 -1.88952
2.20508 -1.88952
2.20508 -1.88952
2.20508 -1.88952
2.20508 -1.88952
2.20508 -1.88952
2.20508 -1.88952
2.20508 -1.88952
2.20508 -1.88952
2.20508 -1.88952
2.20508 -1.88952
2.20508 -1.88952
2.20508 -1.88952
2.20508 -1.88952
2.20508 -1.88952
2.20508 -1.88952
2.20508 -1.88952
2.20508 -1.88952
2.20508 -1.88952
2.20508 -1.88952
2.20508 -1.88952
2.20508 -1.88952
2.20508 -1.88952
2.20508 -1.88952
2.20508 -1.88952
2.20508 -1.88952
2.20508 -1.88952
2.20508 -1.88952
2.20508 -1.88952
2.20508 -1.88952
2.20508 -1.88952
2.20508 -1.88952
2.20508 -1.88952
2.20508 -1.88952
2.20508 -1.88952
2.20508 -1.88952
2.20508 -1.88952
2.20508 -1.88952
2.20508 -1.88952
2.20508 -1.88952
2.20508 -1.88952
2.20508 -1.88952
2.20508 -1.88952
2.20508 -1.88952
2.20508 -1.88952
2.20508 -1.88952
2.20508 -1.88952
2.20508 -1.88952
2.20508 -1.88952
2.20508 -1.88952
2.20508 -1.88952
2.20508 -1.88952
2.20508 -1.88952
2.20508 -1.88952
2.20334 -1.89153
2.19564 -1.90016
2.17995 -1.91651
2.16148 -1.93412
2.15179 -1.94276
2.12396 -1.96543
2.10442 -1.97958
2.08408 -1.99293
2.06275 -2.00553
2.04126 -2.0169
2.01931 -2.02726
1.99716 -2.03653
1.97414 -2.04491
1.95107 -2.05209
1.92771 -2.05819
1.90391 -2.06321
1.87997 -2.0671
1.85589 -2.06986
1.83162 -2.07151
1.80762 -2.07203
1.78326 -2.07145
1.75895 -2.06973
1.73501 -2.06691
1.71089 -2.06291
1.68742 -2.05787
1.66375 -2.05159
1.64069 -2.0443
1.61816 -2.03603
1.59597 -2.02674
1.57407 -2.01637
1.55263 -2.00496
1.53189 -1.99268
1.51164 -1.97941
1.49213 -1.96533
1.47286 -1.95002
1.45477 -1.93452
1.43649 -1.91849
1.41827 -1.90238
1.39994 -1.88602
1.38171 -1.86967
1.36352 -1.85329
1.34569 -1.83718
1.32811 -1.82123
1.3103 -1.80497
1.29232 -1.78848
1.27445 -1.772
1.25662 -1.75543
1.23894 -1.73896
1.22122 -1.72246
1.20336 -1.70587
1.18551 -1.68935
1.16771 -1.67295
1.14984 -1.6565
1.13199 -1.64004
1.11425 -1.62363
1.0964 -1.60708
1.07851 -1.59055
1.06075 -1.57418
1.04261 -1.55745
1.02494 -1.54111
1.00207 -1.51984
0.988689 -1.50735
0.971057 -1.49094
0.96205 -1.48257
0.935799 -1.45829
0.917918 -1.44182
0.900143 -1.42548
0.882268 -1.40914
0.864602 -1.39296
0.846557 -1.37641
0.828621 -1.35995
0.80897 -1.34194
0.79278 -1.32714
0.774954 -1.31079
0.757262 -1.29454
0.739493 -1.2782
0.721548 -1.26177
0.703749 -1.2455
0.685741 -1.22905
0.667748 -1.21266
0.649953 -1.19648
0.632138 -1.18028
0.61405 -1.16381
0.595816 -1.14718
0.578 -1.13093
0.560109 -1.11456
0.542315 -1.09824
0.524218 -1.0816
0.506365 -1.06515
0.488466 -1.04858
0.470633 -1.03204
0.452967 -1.01566
0.435204 -0.999136
0.416339 -0.981516
0.39947 -0.965799
0.381597 -0.949145
0.363982 -0.932706
0.346305 -0.916149
0.328658 -0.899619
0.310773 -0.882824
0.292956 -0.86609
0.275219 -0.849463
0.257539 -0.832854
0.240152 -0.816508
0.222593 -0.800014
0.204889 -0.783475
0.193347 -0.772708
0.169629 -0.750602
0.151795 -0.733981
0.133269 -0.716715
0.116335 -0.700912
0.0988515 -0.68459
0.0814491 -0.668257
0.0637623 -0.651599
0.0464305 -0.635273
0.0286003 -0.618553
0.0108187 -0.601944
-0.00724825 -0.58507
-0.0248285 -0.568608
-0.0425125 -0.552013
-0.0603633 -0.535302
-0.0775269 -0.518948
-0.0943191 -0.502027
-0.110368 -0.484648
-0.12558 -0.466722
-0.140229 -0.447819
-0.154437 -0.427605
-0.167171 -0.407569
-0.17926 -0.386437
-0.19019 -0.365098
-0.200276 -0.342914
-0.209265 -0.320395
-0.217163 -0.297548
-0.229766 -0.250968
-0.234445 -0.227382
-0.238051 -0.203347
-0.240565 -0.17943
-0.241989 -0.155531
-0.242251 -0.130862
-0.241321 -0.106705
-0.239236 -0.082483
-0.236062 -0.0585371
-0.231813 -0.0347409
-0.226393 -0.0109461
-0.219913 0.0123767
-0.212327 0.0354306
-0.20365 0.0580665
-0.193965 0.0802
-0.183311 0.101901
-0.17156 0.123297
-0.165045 0.134239
-0.145484 0.16401
-0.131032 0.183488
-0.115972 0.202007
-0.0996546 0.220251
-0.0826498 0.237581
-0.0649105 0.254071
-0.0464816 0.269726
-0.0274193 0.284519
-0.00780238 0.298343
0.0129055 0.311551
0.0336368 0.323444
0.0551612 0.334518
0.0771632 0.344588
0.099897 0.353741
0.122962 0.361796
0.14613 0.368697
0.169405 0.374462
0.193147 0.379207
0.217208 0.38286
0.241178 0.385345
0.265033 0.38668
0.289346 0.386954
0.313785 0.386081
0.338077 0.384055
0.361969 0.380945
0.385902 0.376728
0.409437 0.371465
0.432929 0.365061
0.456011 0.357674
0.478892 0.349635
0.502117 0.341191
0.525421 0.332516
0.549634 0.323376
0.571332 0.315135
0.594086 0.306425
0.616565 0.297786
0.639135 0.289133
0.66166 0.28048
0.683946 0.271899
0.706441 0.263252
0.729063 0.254557
0.751875 0.245738
0.77479 0.236823
0.797453 0.227967
0.820767 0.218789
0.84267 0.210122
0.864962 0.201298
0.887388 0.192474
0.909889 0.183617
0.9324 0.174732
0.954973 0.165789
0.977172 0.157007
0.999845 0.14804
1.02248 0.139154
1.04734 0.129475
1.06762 0.121566
1.09008 0.112793
1.11267 0.103887
1.13512 0.0950006
1.15765 0.0860707
1.17997 0.0772168
1.20262 0.0682545
1.22529 0.0593138
1.23678 0.0547663
1.27014 0.0415672
1.29252 0.0327682
1.315 0.0238931
1.33757 0.0149368
1.36004 0.00603501
1.38238 -0.00279557
1.40511 -0.0118259
1.4277 -0.0207932
1.45034 -0.0297899
1.473 -0.038796
1.49561 -0.0478478
1.5181 -0.0569075
1.54047 -0.0658766
1.56269 -0.0747278
1.58551 -0.0838219
1.60806 -0.0928156
1.63034 -0.10167
1.65284 -0.110569
1.67526 -0.119407
1.69785 -0.128329
1.72066 -0.13732
1.74328 -0.146258
1.76579 -0.15517
1.78827 -0.164074
1.81072 -0.172965
1.83307 -0.181849
1.84581 -0.186924
1.87778 -0.199619
1.90046 -0.208588
1.92306 -0.217517
1.94541 -0.226335
1.96796 -0.23516
1.99062 -0.244024
2.01293 -0.252775
2.03554 -0.261704
2.058 -0.270613
2.08112 -0.279789
2.10255 -0.288317
2.12405 -0.29701
2.14723 -0.306347
2.17028 -0.315547
2.19274 -0.324479
2.21523 -0.333401
2.23763 -0.342319
2.26026 -0.351372
2.28287 -0.360449
2.30514 -0.369408
2.3278 -0.378491
2.35015 -0.387429
2.37261 -0.396345
2.39535 -0.405318
2.41953 -0.414795
2.4407 -0.423046
2.46315 -0.431769
2.48572 -0.440556
2.50853 -0.449414
2.53051 -0.457945
2.55333 -0.466779
2.57573 -0.475487
2.59853 -0.484364
2.62093 -0.493072
2.6431 -0.501687
2.66557 -0.510454
2.68808 -0.519266
2.71069 -0.528133
2.73322 -0.537228
2.75516 -0.546884
2.77645 -0.557241
2.79748 -0.568573
2.81836 -0.581046
2.83848 -0.594308
2.85831 -0.608723
2.87733 -0.62398
2.89557 -0.640084
2.91294 -0.656942
2.92942 -0.67452
2.94497 -0.692757
2.95992 -0.712017
2.97377 -0.73168
2.98665 -0.751863
2.9988 -0.772981
3.00997 -0.794658
3.02002 -0.816597
3.0291 -0.839075
3.03714 -0.861959
3.04414 -0.885265
3.05001 -0.908574
3.05486 -0.932384
3.0586 -0.956404
3.0612 -0.980489
3.06264 -1.00455
3.06295 -1.02865
3.06215 -1.05284
3.06017 -1.07755
3.05715 -1.10116
3.05293 -1.12511
3.04768 -1.14841
3.04122 -1.17194
3.03365 -1.19525
3.02518 -1.21782
3.01578 -1.23993
3.0057 -1.2625
2.99549 -1.28497
2.98559 -1.30656
2.97566 -1.32835
2.96543 -1.35066
2.95526 -1.37275
2.94499 -1.3949
2.93461 -1.41713
2.92434 -1.439
2.91412 -1.46055
2.90366 -1.48235
2.89327 -1.50395
2.88278 -1.52579
2.87224 -1.54772
2.86209 -1.56886
2.85156 -1.59081
2.84108 -1.61272
2.8305 -1.63486
2.82015 -1.6564
2.80956 -1.67834
2.79922 -1.69961
2.79554 -1.70711
2.79543 -1.70734
2.79543 -1.70734
2.79543 -1.70734
2.79543 -1.70734
2.79543 -1.70734
2.79543 -1.70734
2.79543 -1.70734
2.79543 -1.70734
2.79543 -1.70734
2.79543 -1.70734
2.79543 -1.70734
2.79543 -1.70734
2.79543 -1.70734
2.79543 -1.70734
2.79543 -1.70734
2.79543 -1.70734
2.79543 -1.70734
2.79543 -1.70734
2.79543 -1.70734
2.79543 -1.70734
2.79543 -1.70734
2.79543 -1.70734
2.79543 -1.70734
2.79543 -1.70734
2.79543 -1.70734
2.79543 -1.70734
2.79543 -1.70734
2.79543 -1.70734
2.79543 -1.70734
2.79543 -1.70734
2.79543 -1.70734
2.79543 -1.70734
2.79543 -1.70734
2.79543 -1.70734
2.79543 -1.70734
2.79543 -1.70734
2.79543 -1.70734
2.79543 -1.70734
2.79543 -1.70734
2.79543 -1.70734
2.79543 -1.70734
2.79543 -1.70734
2.79543 -1.70734
2.79543 -1.70734
2.79543 -1.70734
2.79543 -1.70734
2.79543 -1.70734
2.79543 -1.70734
2.79543 -1.70734
2.79543 -1.70734
2.79543 -1.70734
2.79543 -1.70734
2.79543 -1.70734
2.79543 -1.70734
2.79543 -1.70734
2.79543 -1.70734
2.79543 -1.70734
2.79543 -1.70734
2.79543 -1.70734
2.79543 -1.70734
2.79543 -1.70734
2.79543 -1.70734
2.79543 -1.70734
2.79543 -1.70734
2.79543 -1.70734
2.79543 -1.70734
2.79543 -1.70734
2.79543 -1.70734
2.79543 -1.70734
2.79543 -1.70734
2.79543 -1.70734
2.79543 -1.70734
2.79543 -1.70734
2.79543 -1.70734
2.79543 -1.70734
2.79543 -1.70734
2.79543 -1.70734
2.79543 -1.70734
2.79543 -1.70734
2.79543 -1.70734
2.79543 -1.70734
2.79543 -1.70734
2.79543 -1.70734
2.79543 -1.70734
2.79543 -1.70734
2.79543 -1.70734
2.79543 -1.70734
2.79543 -1.70734
2.79543 -1.70734
2.79543 -1.70734
2.79543 -1.70734
2.79543 -1.70734
2.79543 -1.70734
2.79543 -1.70734
2.79543 -1.70734
2.79543 -1.70734
2.79543 -1.70734
2.79543 -1.70734
2.79543 -1.70734
2.79543 -1.70734
2.79543 -1.70734
2.79543 -1.70734
2.79543 -1.70734
2.79543 -1.70734
2.79543 -1.70734
2.79543 -1.70734
2.79543 -1.70734
2.79543 -1.70734
2.79543 -1.70734
2.79543 -1.70734
2.79543 -1.70734
2.79543 -1.70734
2.79543 -1.70734
2.79543 -1.70734
2.79543 -1.70734
2.79543 -1.70734
2.79543 -1.70734
2.79543 -1.70734
2.79543 -1.70734
2.79543 -1.70734
2.79543 -1.70734
2.79543 -1.70734
2.79543 -1.70734
2.79543 -1.70734
2.79543 -1.70734
2.79543 -1.70734
2.79543 -1.70734
2.79543 -1.70734
2.79543 -1.70734
2.79543 -1.70734
2.79543 -1.70734
2.79543 -1.70734
2.79543 -1.70734
2.79543 -1.70734
2.79543 -1.70734
2.79543 -1.70734
2.79543 -1.70734
2.79543 -1.70734
2.79543 -1.70734
2.79543 -1.70734
2.79543 -1.70734
2.79543 -1.70734
2.79543 -1.70734
2.79543 -1.70734
2.79543 -1.70734
2.79543 -1.70734
2.79543 -1.70734
2.79543 -1.70734
2.79543 -1.70734
2.79543 -1.70734
2.79543 -1.70734
2.79543 -1.70734
2.79543 -1.70734
2.79543 -1.70734
2.79543 -1.70734
2.79543 -1.70734
2.79543 -1.70734
2.79543 -1.70734
2.79543 -1.70734
2.79543 -1.70734
2.79543 -1.70734
2.79543 -1.70734
2.79543 -1.70734
2.79543 -1.70734
2.79543 -1.70734
2.79543 -1.70734
2.79543 -1.70734
2.79543 -1.70734
2.79543 -1.70734
2.79543 -1.70734
2.79543 -1.70734
2.79543 -1.70734
2.79543 -1.70734
2.79543 -1.70734
2.79543 -1.70734
2.79543 -1.70734
2.79543 -1.70734
2.79543 -1.70734
2.79543 -1.70734
2.79543 -1.70734
2.79543 -1.70734
2.79543 -1.70734
2.79543 -1.70734
2.79543 -1.70734
2.79543 -1.70734
2.79543 -1.70734
2.79543 -1.70734
2.79543 -1.70734
2.79543 -1.70734
2.79543 -1.70734
2.79543 -1.70734
2.79543 -1.70734
2.79543 -1.70734
2.79543 -1.70734
2.79543 -1.70734
2.79543 -1.70734
2.79543 -1.70734
2.79543 -1.70734
2.79543 -1.70734
2.79543 -1.70734
2.79543 -1.70734
2.79543 -1.70734
2.79543 -1.70734
2.79543 -1.70734
2.79543 -1.70734
2.79543 -1.70734
2.79543 -1.70734
2.79543 -1.70734
2.79543 -1.70734
2.79543 -1.70734
2.79543 -1.70734
2.79543 -1.70734
2.79543 -1.70734
2.79543 -1.70734
2.79543 -1.70734
2.79543 -1.70734
2.79543 -1.70734
2.79543 -1.70734
2.79543 -1.70734
2.79543 -1.70734
2.79543 -1.70734
2.79543 -1.70734
2.79543 -1.70734
2.79543 -1.70734
2.79543 -1.70734
2.79543 -1.70734
2.79543 -1.70734
2.79543 -1.70734
2.79543 -1.70734
2.79543 -1.70734
2.79543 -1.70734
2.79543 -1.70734
2.79543 -1.70734
2.79543 -1.70734
2.79543 -1.70734
2.79543 -1.70734
2.79543 -1.70734
2.79543 -1.70734
2.79543 -1.70734
2.79543 -1.70734
2.79543 -1.70734
2.79543 -1.70734
2.79543 -1.70734
2.79543 -1.70734
2.79543 -1.70734
2.79543 -1.70734
2.79543 -1.70734
2.79543 -1.70734
2.79543 -1.70734
2.79543 -1.70734
2.79543 -1.70734
2.79543 -1.70734
2.79543 -1.70734
2.79543 -1.70734
2.79543 -1.70734
2.79543 -1.70734
2.79543 -1.70734
2.79543 -1.70734
2.79543 -1.70734
2.79543 -1.70734
2.79543 -1.70734
2.79543 -1.70734
2.79543 -1.70734
2.79543 -1.70734
2.79543 -1.70734
2.79543 -1.70734
2.79543 -1.70734
2.79543 -1.70734
2.79543 -1.70734
2.79543 -1.70734
2.79543 -1.70734
2.79543 -1.70734
2.79543 -1.70734
2.79543 -1.70734
2.79543 -1.70734
2.79543 -1.70734
2.79543 -1.70734
2.79543 -1.70734
2.79543 -1.70734
2.79543 -1.70734
2.79543 -1.70734
2.79543 -1.70734
2.79543 -1.70734
2.79543 -1.70734
2.79543 -1.70734
2.79543 -1.70734
2.79543 -1.70734
2.79543 -1.70734
2.79543 -1.70734
2.79543 -1.70734
2.79543 -1.70734
2.79543 -1.70734
2.79543 -1.70734
2.79543 -1.70734
2.79543 -1.70734
2.79543 -1.70734
2.79543 -1.70734
2.79543 -1.70734
2.79543 -1.70734
2.79543 -1.70734
2.79543 -1.70734
2.79543 -1.70734
2.79543 -1.70734
2.79543 -1.70734
2.79543 -1.70734
2.79543 -1.70734
2.79543 -1.70734
2.79543 -1.70734
2.79543 -1.70734
2.79543 -1.70734
2.79543 -1.70734
2.79543 -1.70734
2.79543 -1.70734
2.79543 -1.70734
2.79543 -1.70734
2.79543 -1.70734
2.79543 -1.70734
2.79543 -1.70734
2.79543 -1.70734
2.79543 -1.70734
2.79543 -1.70734
2.79543 -1.70734
2.79543 -1.70734
2.79543 -1.70734
2.79543 -1.70734
2.79543 -1.70734
2.79543 -1.70734
2.79543 -1.70734
2.79543 -1.70734
2.79543 -1.70734
2.79543 -1.70734
2.79543 -1.70734
2.79543 -1.70734
2.79543 -1.70734
2.79543 -1.70734
2.79543 -1.70734
2.79543 -1.70734
2.79543 -1.70734
2.79543 -1.70734
2.79543 -1.70734
2.79543 -1.70734
2.79543 -1.70734
2.79543 -1.70734
2.79543 -1.70734
2.79543 -1.70734
2.79543 -1.70734
2.79543 -1.70734
2.79543 -1.70734
2.79543 -1.70734
2.79543 -1.70734
2.79543 -1.70734
2.79543 -1.70734
2.79543 -1.70734
2.79543 -1.70734
2.79543 -1.70734
2.79543 -1.70734
2.79543 -1.70734
2.79543 -1.70734
2.79543 -1.70734
2.79543 -1.70734
2.79543 -1.70734
2.79543 -1.70734
2.79543 -1.70734
2.79543 -1.70734
2.79543 -1.70734
2.79543 -1.70734
2.79543 -1.70734
2.79543 -1.70734
2.79543 -1.70734
2.79543 -1.70734
2.79543 -1.70734
2.79543 -1.70734
2.79543 -1.70734
2.79543 -1.70734
2.79543 -1.70734
2.79543 -1.70734
2.79543 -1.70734
2.79543 -1.70734
2.79543 -1.70734
2.79543 -1.70734
2.79543 -1.70734
2.79543 -1.70734
2.79543 -1.70734
2.79543 -1.70734
2.79543 -1.70734
2.79543 -1.70734
2.79543 -1.70734
2.79543 -1.70734
2.79543 -1.70734
2.79543 -1.70734
2.79543 -1.70734
2.79543 -1.70734
2.79543 -1.70734
2.79543 -1.70734
2.79543 -1.70734
2.79543 -1.70734
2.79543 -1.70734
2.79543 -1.70734
2.79543 -1.70734
2.79543 -1.70734
2.79543 -1.70734
2.79543 -1.70734
2.79543 -1.70734
2.79543 -1.70734
2.79543 -1.70734
2.79543 -1.70734
2.79543 -1.70734
2.79543 -1.70734
2.79543 -1.70734
2.79543 -1.70734
2.79543 -1.70734
2.79543 -1.70734
2.79543 -1.70734
2.79543 -1.70734
2.79543 -1.70734
2.79543 -1.70734
2.79543 -1.70734
2.79543 -1.70734
2.79543 -1.70734
2.79543 -1.70734
2.79543 -1.70734
2.79543 -1.70734
2.79543 -1.70734
2.79543 -1.70734
2.79543 -1.70734
2.79543 -1.70734
2.79543 -1.70734
2.79543 -1.70734
2.79543 -1.70734
2.79543 -1.70734
2.79543 -1.70734
2.79543 -1.70734
2.79489 -1.70842
2.79171 -1.71467
2.78251 -1.73159
2.76951 -1.75317
2.75558 -1.77405
2.74166 -1.79306
2.72653 -1.81189
2.71013 -1.83043
2.69333 -1.84772
2.67548 -1.86451
2.65702 -1.88027
2.63774 -1.89522
2.61763 -1.90932
2.59749 -1.92208
2.57667 -1.93399
2.55506 -1.94506
2.54323 -1.95059
2.5107 -1.96399
2.48782 -1.97187
2.4644 -1.97873
2.4412 -1.98442
2.41699 -1.98915
2.39292 -1.99269
2.36898 -1.9951
2.34488 -1.99643
2.32046 -1.99665
2.2964 -1.99572
2.27225 -1.9937
2.24822 -1.99054
2.22464 -1.98635
2.20092 -1.98099
2.17788 -1.97468
2.15504 -1.9673
2.13218 -1.95892
2.10911 -1.95012
2.08637 -1.94127
2.06376 -1.93237
2.04109 -1.92336
2.01837 -1.91429
1.99638 -1.90555
1.97415 -1.89668
1.95198 -1.88774
1.92939 -1.87854
1.90706 -1.86944
1.8846 -1.86025
1.86215 -1.85106
1.8396 -1.84186
1.81729 -1.8327
1.79499 -1.82353
1.77287 -1.81447
1.75053 -1.80529
1.72811 -1.79608
1.70556 -1.78689
1.68304 -1.77773
1.66059 -1.76856
1.63805 -1.75932
1.6157 -1.7501
1.59344 -1.74084
1.57098 -1.73153
1.5483 -1.72214
1.52604 -1.71295
1.51363 -1.70785
1.49161 -1.69882
1.45842 -1.68526
1.43599 -1.67604
1.41371 -1.66686
1.39114 -1.6575
1.36866 -1.64817
1.34641 -1.63896
1.32422 -1.62979
1.30184 -1.62058
1.27941 -1.61136
1.25728 -1.60226
1.23492 -1.59302
1.22338 -1.58823
1.19007 -1.57438
1.16799 -1.56526
1.14541 -1.55595
1.12274 -1.54665
1.10049 -1.53753
1.07842 -1.52852
1.06627 -1.52357
1.03331 -1.51007
1.01072 -1.50078
0.988237 -1.49154
0.965787 -1.48233
0.943288 -1.4731
0.921049 -1.46397
0.898143 -1.45451
0.875674 -1.44523
0.853423 -1.43605
0.831105 -1.42686
0.808428 -1.41756
0.786209 -1.4084
0.764083 -1.39922
0.741987 -1.38998
0.719722 -1.38068
0.697322 -1.37132
0.674916 -1.36193
0.652434 -1.35252
0.630005 -1.34322
0.607725 -1.334
0.585473 -1.32475
0.563111 -1.31547
0.540674 -1.3062
0.518206 -1.29694
0.495952 -1.28775
0.473697 -1.27852
0.461106 -1.27327
0.428803 -1.25983
0.40642 -1.25053
0.383921 -1.24123
0.361727 -1.23211
0.339582 -1.223
0.317009 -1.21372
0.294622 -1.20451
0.272722 -1.1955
0.250252 -1.18624
0.227745 -1.1769
0.205653 -1.1677
0.183488 -1.15847
0.161019 -1.14908
0.138589 -1.13972
0.116521 -1.13048
0.0943129 -1.12119
0.0720937 -1.11186
0.0496105 -1.10241
0.0274459 -1.09305
0.00539681 -1.08371
-0.0169953 -1.07418
-0.0388674 -1.06485
-0.0509019 -1.05965
-0.0823649 -1.04518
-0.103658 -1.03436
-0.124372 -1.02273
-0.144872 -1.00995
-0.164874 -0.996137
-0.184312 -0.981334
-0.202411 -0.966206
-0.220134 -0.949993
-0.237336 -0.932699
-0.253704 -0.914629
-0.269069 -0.895973
-0.283585 -0.876647
-0.297323 -0.856542
-0.310183 -0.8357
-0.322026 -0.814417
-0.332811 -0.792755
-0.342912 -0.769883
-0.351428 -0.747883
-0.359124 -0.7249
-0.36573 -0.701643
-0.371276 -0.678094
-0.375745 -0.654298
-0.379093 -0.630502
-0.381384 -0.606328
-0.382543 -0.582209
-0.382591 -0.558006
-0.381531 -0.533844
-0.379328 -0.509612
-0.376002 -0.485641
-0.371577 -0.461877
-0.366063 -0.438368
-0.359357 -0.414693
-0.351678 -0.391737
-0.342926 -0.369109
-0.333079 -0.346799
-0.322308 -0.325156
-0.310458 -0.303824
-0.297918 -0.283431
-0.284312 -0.263454
-0.269768 -0.244077
-0.254496 -0.225512
-0.238304 -0.207518
-0.221407 -0.190373
-0.203652 -0.173942
-0.184952 -0.158196
-0.173167 -0.149031
-0.145856 -0.12974
-0.12489 -0.116593
-0.103896 -0.104788
-0.0822745 -0.0938883
-0.0601596 -0.0840033
-0.0376487 -0.07516
-0.0148529 -0.0673939
0.00855198 -0.060622
0.0318036 -0.0550342
0.0555239 -0.0504484
0.079081 -0.0469837
0.103677 -0.0445106
0.12756 -0.0430649
0.151627 -0.0419757
0.176652 -0.0410011
0.201098 -0.0401423
0.225292 -0.0393179
0.249396 -0.0385506
0.273504 -0.0378244
0.297643 -0.0371552
0.321394 -0.0364843
0.345846 -0.0358257
0.369673 -0.0352189
0.394073 -0.0346479
0.418296 -0.0341536
0.442751 -0.0337149
0.467217 -0.0332832
0.491589 -0.0328659
0.515888 -0.0324237
0.539955 -0.0319386
0.56394 -0.0314277
0.587766 -0.030942
0.612316 -0.0304603
0.625407 -0.030204
0.66093 -0.0295195
0.685333 -0.0291081
0.709699 -0.0287213
0.733584 -0.0283357
0.757811 -0.0279446
0.781998 -0.0275903
0.806293 -0.0272287
0.830494 -0.0269088
0.854657 -0.0266067
0.878763 -0.0263597
0.902697 -0.0261269
0.926715 -0.0259069
0.94148 -0.0257648
0.974162 -0.0254371
0.998407 -0.0252
1.0228 -0.0249792
1.04725 -0.0247653
1.0717 -0.0245786
1.09568 -0.0243696
1.11959 -0.0241712
1.14407 -0.0240106
1.16844 -0.0238536
1.19255 -0.0237092
1.21698 -0.0235617
1.24149 -0.0234119
1.26551 -0.0232533
1.28986 -0.0230627
1.31397 -0.0228124
1.33837 -0.0225565
1.3624 -0.0223334
1.38631 -0.0221362
1.41055 -0.0219377
1.43492 -0.0217485
1.45905 -0.0215861
1.4837 -0.0214473
1.5073 -0.0213502
1.53168 -0.0211951
1.55603 -0.0209972
1.58012 -0.020778
1.60407 -0.0205587
1.62826 -0.0203421
1.65239 -0.0201053
1.67661 -0.0198727
1.70099 -0.0196717
1.72524 -0.019491
1.74961 -0.0192907
1.77377 -0.0190593
1.79795 -0.0188177
1.82221 -0.0185593
1.84633 -0.0183053
1.87077 -0.0180204
1.89475 -0.0176972
1.91877 -0.0173878
1.94267 -0.0171199
1.96728 -0.0168702
1.99159 -0.0166174
2.01659 -0.0164066
2.0418 -0.0162043
2.06461 -0.016022
2.0889 -0.0158278
2.11308 -0.0156313
2.13752 -0.0154244
2.16163 -0.0152066
2.1857 -0.0149846
2.2098 -0.0147369
2.23442 -0.014455
2.25887 -0.01416
2.28277 -0.0138949
2.30691 -0.0136093
2.3309 -0.0132717
2.35513 -0.0128994
2.37957 -0.0125337
2.40356 -0.0122208
2.42757 -0.0119127
2.45222 -0.0116491
2.47631 -0.011844
2.50006 -0.0127749
2.52363 -0.0146184
2.54743 -0.0175266
2.57143 -0.0215879
2.58376 -0.0241255
2.61884 -0.0330742
2.64181 -0.0403638
2.66451 -0.0487136
2.68717 -0.0582526
2.70913 -0.0687378
2.73063 -0.0802729
2.75135 -0.0926266
2.77155 -0.105974
2.79134 -0.120407
2.81006 -0.135431
2.82807 -0.151265
2.84553 -0.16811
2.86234 -0.18594
2.878 -0.204205
2.89274 -0.223097
2.90662 -0.242604
2.91962 -0.262775
2.93187 -0.283883
2.94299 -0.305258
2.9532 -0.327216
2.96244 -0.349757
2.97057 -0.37264
2.97771 -0.396197
2.98354 -0.419196
2.98842 -0.443004
2.99219 -0.466854
2.99484 -0.490975
2.99636 -0.514872
2.99677 -0.539293
2.9961 -0.563183
2.99479 -0.587046
2.99319 -0.611501
2.99147 -0.63588
2.98966 -0.660448
2.98777 -0.684908
2.98586 -0.70928
2.98398 -0.733208
2.98209 -0.756874
2.98014 -0.781021
2.97816 -0.804864
2.97614 -0.829066
2.97408 -0.853273
2.97203 -0.87738
2.96993 -0.901773
2.96786 -0.925912
2.96576 -0.95047
2.96372 -0.974372
2.96161 -0.998563
2.96006 -1.01595
2.95889 -1.02902
2.95866 -1.03157
2.95866 -1.03157
2.95866 -1.03157
2.95866 -1.03157
2.95866 -1.03157
2.95866 -1.03157
2.95866 -1.03157
2.95866 -1.03157
2.95866 -1.03157
2.95866 -1.03157
2.95866 -1.03157
2.95866 -1.03157
2.95866 -1.03157
2.95866 -1.03157
2.95866 -1.03157
2.95866 -1.03157
2.95866 -1.03157
2.95866 -1.03157
2.95866 -1.03157
2.95866 -1.03157
2.95866 -1.03157
2.95866 -1.03157
2.95866 -1.03157
2.95866 -1.03157
2.95866 -1.03157
2.95866 -1.03157
2.95866 -1.03157
2.95866 -1.03157
2.95866 -1.03157
2.95866 -1.03157
2.95866 -1.03157
2.95866 -1.03157
2.95866 -1.03157
2.95866 -1.03157
2.95866 -1.03157
2.95866 -1.03157
2.95866 -1.03157
2.95866 -1.03157
2.95866 -1.03157
2.95866 -1.03157
2.95866 -1.03157
2.95866 -1.03157
2.95866 -1.03157
2.95866 -1.03157
2.95866 -1.03157
2.95866 -1.03157
2.95866 -1.03157
2.95866 -1.03157
2.95866 -1.03157
2.95866 -1.03157
2.95866 -1.03157
2.95866 -1.03157
2.95866 -1.03157
2.95866 -1.03157
2.95866 -1.03157
2.95866 -1.03157
2.95866 -1.03157
2.95866 -1.03157
2.95866 -1.03157
2.95866 -1.03157
2.95866 -1.03157
2.95866 -1.03157
2.95866 -1.03157
2.95866 -1.03157
2.95866 -1.03157
2.95866 -1.03157
2.95866 -1.03157
2.95866 -1.03157
2.95866 -1.03157
2.95866 -1.03157
2.95866 -1.03157
2.95866 -1.03157
2.95866 -1.03157
2.95866 -1.03157
2.95866 -1.03157
2.95866 -1.03157
2.95866 -1.03157
2.95866 -1.03157
2.95866 -1.03157
2.95866 -1.03157
2.95866 -1.03157
2.95866 -1.03157
2.95866 -1.03157
2.95866 -1.03157
2.95866 -1.03157
2.95866 -1.03157
2.95866 -1.03157
2.95866 -1.03157
2.95866 -1.03157
2.95866 -1.03157
2.95866 -1.03157
2.95866 -1.03157
2.95866 -1.03157
2.95866 -1.03157
2.95866 -1.03157
2.95866 -1.03157
2.95866 -1.03157
2.95866 -1.03157
2.95866 -1.03157
2.95866 -1.03157
2.95866 -1.03157
2.95866 -1.03157
2.95866 -1.03157
2.95866 -1.03157
2.95866 -1.03157
2.95866 -1.03157
2.95866 -1.03157
2.95866 -1.03157
2.95866 -1.03157
2.95866 -1.03157
2.95866 -1.03157
2.95866 -1.03157
2.95866 -1.03157
2.95866 -1.03157
2.95866 -1.03157
2.95866 -1.03157
2.95866 -1.03157
2.95866 -1.03157
2.95866 -1.03157
2.95866 -1.03157
2.95866 -1.03157
2.95866 -1.03157
2.95866 -1.03157
2.95866 -1.03157
2.95866 -1.03157
2.95866 -1.03157
2.95866 -1.03157
2.95866 -1.03157
2.95866 -1.03157
2.95866 -1.03157
2.95866 -1.03157
2.95866 -1.03157
2.95866 -1.03157
2.95866 -1.03157
2.95866 -1.03157
2.95866 -1.03157
2.95866 -1.03157
2.95866 -1.03157
2.95866 -1.03157
2.95866 -1.03157
2.95866 -1.03157
2.95866 -1.03157
2.95866 -1.03157
2.95866 -1.03157
2.95866 -1.03157
2.95866 -1.03157
2.95866 -1.03157
2.95866 -1.03157
2.95866 -1.03157
2.95866 -1.03157
2.95866 -1.03157
2.95866 -1.03157
2.95866 -1.03157
2.95866 -1.03157
2.95866 -1.03157
2.95866 -1.03157
2.95866 -1.03157
2.95866 -1.03157
2.95866 -1.03157
2.95866 -1.03157
2.95866 -1.03157
2.95866 -1.03157
2.95866 -1.03157
2.95866 -1.03157
2.95866 -1.03157
2.95866 -1.03157
2.95866 -1.03157
2.95866 -1.03157
2.95866 -1.03157
2.95866 -1.03157
2.95866 -1.03157
2.95866 -1.03157
2.95866 -1.03157
2.95866 -1.03157
2.95866 -1.03157
2.95866 -1.03157
2.95866 -1.03157
2.95866 -1.03157
2.95866 -1.03157
2.95866 -1.03157
2.95866 -1.03157
2.95866 -1.03157
2.95866 -1.03157
2.95866 -1.03157
2.95866 -1.03157
2.95866 -1.03157
2.95866 -1.03157
2.95866 -1.03157
2.95866 -1.03157
2.95866 -1.03157
2.95866 -1.03157
2.95866 -1.03157
2.95866 -1.03157
2.95866 -1.03157
2.95866 -1.03157
2.95866 -1.03157
2.95866 -1.03157
2.95866 -1.03157
2.95866 -1.03157
2.95866 -1.03157
2.95866 -1.03157
2.95866 -1.03157
2.95866 -1.03157
2.95866 -1.03157
2.95866 -1.03157
2.95866 -1.03157
2.95866 -1.03157
2.95866 -1.03157
2.95866 -1.03157
2.95866 -1.03157
2.95866 -1.03157
2.95866 -1.03157
2.95866 -1.03157
2.95866 -1.03157
2.95866 -1.03157
2.95866 -1.03157
2.95866 -1.03157
2.95866 -1.03157
2.95866 -1.03157
2.95866 -1.03157
2.95866 -1.03157
2.95866 -1.03157
2.95866 -1.03157
2.95866 -1.03157
2.95866 -1.03157
2.95866 -1.03157
2.95866 -1.03157
2.95866 -1.03157
2.95866 -1.03157
2.95866 -1.03157
2.95866 -1.03157
2.95866 -1.03157
2.95866 -1.03157
2.95866 -1.03157
2.95866 -1.03157
2.95866 -1.03157
2.95866 -1.03157
2.95866 -1.03157
2.95866 -1.03157
2.95866 -1.03157
2.95866 -1.03157
2.95866 -1.03157
2.95866 -1.03157
2.95866 -1.03157
2.95866 -1.03157
2.95866 -1.03157
2.95866 -1.03157
2.95866 -1.03157
2.95866 -1.03157
2.95866 -1.03157
2.95866 -1.03157
2.95866 -1.03157
2.95866 -1.03157
2.95866 -1.03157
2.95866 -1.03157
2.95866 -1.03157
2.95866 -1.03157
2.95866 -1.03157
2.95866 -1.03157
2.95866 -1.03157
2.95866 -1.03157
2.95866 -1.03157
2.95866 -1.03157
2.95866 -1.03157
2.95866 -1.03157
2.95866 -1.03157
2.95866 -1.03157
2.95866 -1.03157
2.95866 -1.03157
2.95866 -1.03157
2.95866 -1.03157
2.95866 -1.03157
2.95866 -1.03157
2.95866 -1.03157
2.95866 -1.03157
2.95866 -1.03157
2.95866 -1.03157
2.95866 -1.03157
2.95866 -1.03157
2.95866 -1.03157
2.95866 -1.03157
2.95866 -1.03157
2.95866 -1.03157
2.95866 -1.03157
2.95866 -1.03157
2.95866 -1.03157
2.95866 -1.03157
2.95866 -1.03157
2.95866 -1.03157
2.95866 -1.03157
2.95866 -1.03157
2.95866 -1.03157
2.95866 -1.03157
2.95866 -1.03157
2.95866 -1.03157
2.95866 -1.03157
2.95866 -1.03157
2.95866 -1.03157
2.95866 -1.03157
2.95866 -1.03157
2.95866 -1.03157
2.95866 -1.03157
2.95866 -1.03157
2.95866 -1.03157
2.95866 -1.03157
2.95866 -1.03157
2.95866 -1.03157
2.95866 -1.03157
2.95866 -1.03157
2.95866 -1.03157
2.95866 -1.03157
2.95866 -1.03157
2.95866 -1.03157
2.95866 -1.03157
2.95866 -1.03157
2.95866 -1.03157
2.95866 -1.03157
2.95866 -1.03157
2.95866 -1.03157
2.95866 -1.03157
2.95866 -1.03157
2.95866 -1.03157
2.95866 -1.03157
2.95866 -1.03157
2.95866 -1.03157
2.95866 -1.03157
2.95866 -1.03157
2.95866 -1.03157
2.95866 -1.03157
2.95866 -1.03157
2.95866 -1.03157
2.95866 -1.03157
2.95866 -1.03157
2.95866 -1.03157
2.95866 -1.03157
2.95866 -1.03157
2.95866 -1.03157
2.95866 -1.03157
2.95866 -1.03157
2.95866 -1.03157
2.95866 -1.03157
2.95866 -1.03157
2.95866 -1.03157
2.95866 -1.03157
2.95866 -1.03157
2.95866 -1.03157
2.95866 -1.03157
2.95866 -1.03157
2.95866 -1.03157
2.95866 -1.03157
2.95866 -1.03157
2.95866 -1.03157
2.95866 -1.03157
2.95866 -1.03157
2.95866 -1.03157
2.95866 -1.03157
2.95866 -1.03157
2.95866 -1.03157
2.95866 -1.03157
2.95866 -1.03157
2.95866 -1.03157
2.95866 -1.03157
2.95866 -1.03157
2.95866 -1.03157
2.95866 -1.03157
2.95866 -1.03157
2.95866 -1.03157
2.95866 -1.03157
2.95866 -1.03157
2.95866 -1.03157
2.95866 -1.03157
2.95866 -1.03157
2.95866 -1.03157
2.95866 -1.03157
2.95866 -1.03157
2.95866 -1.03157
2.95866 -1.03157
2.95866 -1.03157
2.95866 -1.03157
2.95866 -1.03157
2.95866 -1.03157
2.95866 -1.03157
2.95866 -1.03157
2.95866 -1.03157
2.95866 -1.03157
2.95866 -1.03157
2.95866 -1.03157
2.95866 -1.03157
2.95866 -1.03157
2.95866 -1.03157
2.95866 -1.03157
2.95866 -1.03157
2.95866 -1.03157
2.95866 -1.03157
2.95866 -1.03157
2.95866 -1.03157
2.95866 -1.03157
2.95866 -1.03157
2.95866 -1.03157
2.95866 -1.03157
2.95866 -1.03157
2.95866 -1.03157
2.95866 -1.03157
2.95866 -1.03157
2.95866 -1.03157
2.95866 -1.03157
2.95866 -1.03157
2.95866 -1.03157
2.95866 -1.03157
2.95866 -1.03157
2.95866 -1.03157
2.95866 -1.03157
2.95866 -1.03157
2.95866 -1.03157
2.95866 -1.03157
2.95866 -1.03157
2.95866 -1.03157
2.95866 -1.03157
2.95866 -1.03157
2.95866 -1.03157
2.95866 -1.03157
2.95866 -1.03157
2.95866 -1.03157
2.95866 -1.03157
2.95866 -1.03157
2.95866 -1.03157
2.95866 -1.03157
2.95866 -1.03157
2.95866 -1.03157
2.95866 -1.03157
2.95866 -1.03157
2.95866 -1.03157
2.95866 -1.03157
2.95866 -1.03157
2.95866 -1.03157
2.95866 -1.03157
2.95866 -1.03157
2.95866 -1.03157
2.95866 -1.03157
2.95866 -1.03157
2.95866 -1.03157
2.95866 -1.03157
2.95866 -1.03157
2.95866 -1.03157
2.95866 -1.03157
2.95866 -1.03157
2.95866 -1.03157
2.95866 -1.03157
2.95866 -1.03157
2.95866 -1.03157
2.95866 -1.03157
2.95866 -1.03157
2.95866 -1.03157
2.95843 -1.03421
2.95698 -1.04759
2.95377 -1.06937
2.94901 -1.09396
2.94331 -1.11759
2.9377 -1.13724
2.93516 -1.14537
2.93507 -1.14566
2.93501 -1.14585
2.93501 -1.14585
2.93501 -1.14585
2.93501 -1.14585
2.93501 -1.14585
2.93501 -1.14585
2.93501 -1.14585
2.93501 -1.14585
2.93501 -1.14585
2.93501 -1.14585
2.93501 -1.14585
2.93501 -1.14585
2.93501 -1.14585
2.93501 -1.14585
2.93501 -1.14585
2.93501 -1.14585
2.93501 -1.14585
2.93501 -1.14585
2.93498 -1.14595
2.93282 -1.15268
2.92664 -1.17029
2.91741 -1.19324
2.9068 -1.21641
2.89582 -1.23775
2.88361 -1.25902
2.87641 -1.27055
2.85688 -1.29886
2.84221 -1.3178
2.82653 -1.33625
2.81026 -1.35375
2.79306 -1.37068
2.77496 -1.38691
2.75609 -1.40232
2.73683 -1.41668
2.71639 -1.43052
2.69558 -1.44321
2.67433 -1.45485
2.65277 -1.46539
2.63066 -1.47498
2.60791 -1.48361
2.58514 -1.49106
2.56194 -1.49756
2.53867 -1.50305
2.51506 -1.50762
2.49139 -1.51187
2.46713 -1.51607
2.44324 -1.52015
2.41919 -1.52423
2.39524 -1.52827
2.37146 -1.53224
2.34746 -1.53623
2.32349 -1.54016
2.29961 -1.54404
2.27557 -1.5479
2.25159 -1.55172
2.22742 -1.55558
2.20386 -1.55931
2.17996 -1.56311
2.15553 -1.56701
2.13147 -1.57087
2.10766 -1.57467
2.08395 -1.57845
2.06014 -1.58229
2.03646 -1.58614
2.01274 -1.59001
1.98887 -1.59391
1.96503 -1.59781
1.94111 -1.60176
1.91737 -1.60569
1.89333 -1.60966
1.86926 -1.61362
1.84554 -1.61756
1.82156 -1.62157
1.79784 -1.6255
1.77421 -1.62941
1.7498 -1.63344
1.72537 -1.63748
1.70106 -1.64153
1.6772 -1.64551
1.65319 -1.64948
1.6293 -1.65337
1.60558 -1.65731
1.58134 -1.66138
1.55759 -1.66533
1.53382 -1.66926
1.50981 -1.6732
1.48585 -1.67716
1.46172 -1.68119
1.43805 -1.68515
1.41421 -1.68911
1.39036 -1.69304
1.36622 -1.69701
1.35263 -1.69927
1.31814 -1.70493
1.29422 -1.70879
1.27026 -1.71265
1.24656 -1.71648
1.22242 -1.72039
1.19851 -1.72429
1.18211 -1.72697
1.15072 -1.73213
1.12686 -1.73602
1.10293 -1.73988
1.07907 -1.74372
1.0552 -1.74751
1.03159 -1.75123
1.00723 -1.75511
0.983097 -1.75895
0.958817 -1.76282
0.934768 -1.76666
0.910921 -1.77048
0.887 -1.77429
0.86302 -1.77804
0.838861 -1.7818
0.814971 -1.78553
0.791155 -1.78929
0.767152 -1.79309
0.7433 -1.79684
0.71959 -1.80056
0.695949 -1.80425
0.67189 -1.80802
0.647934 -1.81178
0.635401 -1.81372
0.59954 -1.81925
0.575408 -1.82297
0.551587 -1.82665
0.527808 -1.83032
0.50401 -1.83398
0.480046 -1.83767
0.456018 -1.84137
0.432191 -1.84499
0.408325 -1.84861
0.384245 -1.85224
0.360341 -1.85583
0.336439 -1.8594
0.312254 -1.86303
0.288523 -1.8666
0.264398 -1.87023
0.240656 -1.8738
0.216685 -1.87742
0.192811 -1.88103
0.16873 -1.88463
0.144519 -1.88824
0.119403 -1.892
0.0970211 -1.89514
0.0729587 -1.89777
0.0492964 -1.89948
0.0251574 -1.9002
0.000811975 -1.8998
-0.0231986 -1.8983
-0.0471039 -1.89568
-0.0711978 -1.89188
-0.0949879 -1.88698
-0.118255 -1.88104
-0.141288 -1.87407
-0.163968 -1.86612
-0.186598 -1.85701
-0.208414 -1.84702
-0.229959 -1.8359
-0.251248 -1.82363
-0.271363 -1.81077
-0.291156 -1.7968
-0.310512 -1.78176
-0.328484 -1.76642
-0.337713 -1.75796
-0.35328 -1.74279
-0.354385 -1.74169
-0.354385 -1.74169
-0.354385 -1.74169
-0.354385 -1.74169
-0.354385 -1.74169
-0.354385 -1.74169
-0.354385 -1.74169
-0.354385 -1.74169
-0.354385 -1.74169
-0.354385 -1.74169
-0.354385 -1.74169
-0.354385 -1.74169
-0.354385 -1.74169
-0.354385 -1.74169
-0.354385 -1.74169
-0.354385 -1.74169
-0.354385 -1.74169
-0.354385 -1.74169
-0.354385 -1.74169
-0.354385 -1.74169
-0.354385 -1.74169
-0.354385 -1.74169
-0.354385 -1.74169
-0.354385 -1.74169
-0.354385 -1.74169
-0.354385 -1.74169
-0.354385 -1.74169
-0.354385 -1.74169
-0.354385 -1.74169
-0.354385 -1.74169
-0.354385 -1.74169
-0.354385 -1.74169
-0.354385 -1.74169
-0.354385 -1.74169
-0.354385 -1.74169
-0.354385 -1.74169
-0.354385 -1.74169
-0.354385 -1.74169
-0.354385 -1.74169
-0.354385 -1.74169
-0.354385 -1.74169
-0.354385 -1.74169
-0.354385 -1.74169
-0.354385 -1.74169
-0.354385 -1.74169
-0.354385 -1.74169
-0.354385 -1.74169
-0.354385 -1.74169
-0.354385 -1.74169
-0.354385 -1.74169
-0.354385 -1.74169
-0.354385 -1.74169
-0.354385 -1.74169
-0.354385 -1.74169
-0.354385 -1.74169
-0.354385 -1.74169
-0.354385 -1.74169
-0.354385 -1.74169
-0.354385 -1.74169
-0.354385 -1.74169
-0.354385 -1.74169
-0.354385 -1.74169
-0.354385 -1.74169
-0.354385 -1.74169
-0.354385 -1.74169
-0.354385 -1.74169
-0.354385 -1.74169
-0.354385 -1.74169
-0.354385 -1.74169
-0.354385 -1.74169
-0.354385 -1.74169
-0.354385 -1.74169
-0.354385 -1.74169
-0.354385 -1.74169
-0.354385 -1.74169
-0.354385 -1.74169
-0.354385 -1.74169
-0.354385 -1.74169
-0.354385 -1.74169
-0.354385 -1.74169
-0.354385 -1.74169
-0.354385 -1.74169
-0.354385 -1.74169
-0.354385 -1.74169
-0.354385 -1.74169
-0.354385 -1.74169
-0.354385 -1.74169
-0.354385 -1.74169
-0.354385 -1.74169
-0.354385 -1.74169
-0.354385 -1.74169
-0.354385 -1.74169
-0.354385 -1.74169
-0.354385 -1.74169
-0.354385 -1.74169
-0.354385 -1.74169
-0.354385 -1.74169
-0.354385 -1.74169
-0.354385 -1.74169
-0.354385 -1.74169
-0.354385 -1.74169
-0.354385 -1.74169
-0.354385 -1.74169
-0.354385 -1.74169
-0.354385 -1.74169
-0.354385 -1.74169
-0.354385 -1.74169
-0.354385 -1.74169
-0.354385 -1.74169
-0.354385 -1.74169
-0.354385 -1.74169
-0.354385 -1.74169
-0.354385 -1.74169
-0.354385 -1.74169
-0.354385 -1.74169
-0.354385 -1.74169
-0.354385 -1.74169
-0.354385 -1.74169
-0.354385 -1.74169
-0.354385 -1.74169
-0.354385 -1.74169
-0.354385 -1.74169
-0.354385 -1.74169
-0.354385 -1.74169
-0.354385 -1.74169
-0.354385 -1.74169
-0.354385 -1.74169
-0.354385 -1.74169
-0.354385 -1.74169
-0.354385 -1.74169
-0.354385 -1.74169
-0.354385 -1.74169
-0.354385 -1.74169
-0.354385 -1.74169
-0.354385 -1.74169
-0.354385 -1.74169
-0.354385 -1.74169
-0.354385 -1.74169
-0.354385 -1.74169
-0.354385 -1.74169
-0.354385 -1.74169
-0.354385 -1.74169
-0.354385 -1.74169
-0.354385 -1.74169
-0.354385 -1.74169
-0.354385 -1.74169
-0.354385 -1.74169
-0.354385 -1.74169
-0.354385 -1.74169
-0.354385 -1.74169
-0.354385 -1.74169
-0.354385 -1.74169
-0.354385 -1.74169
-0.354385 -1.74169
-0.354385 -1.74169
-0.354385 -1.74169
-0.354385 -1.74169
-0.354385 -1.74169
-0.354385 -1.74169
-0.354385 -1.74169
-0.354385 -1.74169
-0.354385 -1.74169
-0.354385 -1.74169
-0.354385 -1.74169
-0.354385 -1.74169
-0.354385 -1.74169
-0.354385 -1.74169
-0.354385 -1.74169
-0.354385 -1.74169
-0.354385 -1.74169
-0.354385 -1.74169
-0.354385 -1.74169
-0.354385 -1.74169
-0.354385 -1.74169
-0.354385 -1.74169
-0.354385 -1.74169
-0.354385 -1.74169
-0.354385 -1.74169
-0.354385 -1.74169
-0.354385 -1.74169
-0.354385 -1.74169
-0.354532 -1.74154
-0.359021 -1.73706
-0.371489 -1.72398
-0.387612 -1.70552
-0.403572 -1.68545
-0.417506 -1.66618
-0.430754 -1.64589
-0.443096 -1.62495
-0.454582 -1.60321
-0.464908 -1.58126
-0.469932 -1.56949
-0.48249 -1.53585
-0.489653 -1.51262
-0.495636 -1.4895
-0.500665 -1.46561
-0.504545 -1.44171
-0.507298 -1.4178
-0.508942 -1.39381
-0.509464 -1.36962
-0.508821 -1.34526
-0.507054 -1.32102
-0.504158 -1.29692
-0.500115 -1.27292
-0.49495 -1.24914
-0.488736 -1.22592
-0.481506 -1.20315
-0.472971 -1.17998
-0.463633 -1.15782
-0.453253 -1.13606
-0.441941 -1.11485
-0.429634 -1.09408
-0.416332 -1.07382
-0.402071 -1.05412
-0.386943 -1.03513
-0.371011 -1.01696
-0.354193 -0.999484
-0.336449 -0.982712
-0.317945 -0.96679
-0.297903 -0.951118
-0.278795 -0.937576
-0.258445 -0.924488
-0.237395 -0.912298
-0.215808 -0.901134
-0.193571 -0.890907
-0.171268 -0.881876
-0.148242 -0.873802
-0.125125 -0.866694
-0.0970266 -0.85857
-0.0778819 -0.853193
-0.0540328 -0.846603
-0.0304794 -0.840166
-0.00680894 -0.833718
0.0165995 -0.827349
0.0398646 -0.821051
0.063331 -0.814706
0.0870634 -0.808312
0.110405 -0.802074
0.136764 -0.795074
0.157 -0.789744
0.180488 -0.78361
0.204424 -0.77739
0.227752 -0.771336
0.251036 -0.765281
0.274353 -0.759212
0.297806 -0.75311
0.321086 -0.747072
0.344637 -0.740969
0.367785 -0.734937
0.391394 -0.728724
0.414663 -0.722582
0.438523 -0.7163
0.461549 -0.710302
0.485122 -0.704203
0.508922 -0.69809
0.532304 -0.692136
0.556102 -0.686104
0.579498 -0.68015
0.605446 -0.673495
0.626902 -0.667982
0.638731 -0.664942
0.662052 -0.658967
0.69685 -0.650023
0.720257 -0.64396
0.743646 -0.637931
0.767378 -0.631831
0.790124 -0.626019
0.813719 -0.620034
0.836765 -0.614212
0.860415 -0.60822
0.883949 -0.602209
0.907541 -0.596156
0.931235 -0.590071
0.95743 -0.583343
0.97868 -0.577897
1.00226 -0.571901
1.02567 -0.565973
1.04894 -0.560126
1.0724 -0.554249
1.09582 -0.548339
1.11913 -0.542466
1.1423 -0.536625
1.16567 -0.530713
1.18922 -0.524696
1.21262 -0.518709
1.23609 -0.512755
1.25945 -0.506858
1.28289 -0.500913
1.30624 -0.49502
1.32991 -0.489052
1.35336 -0.483157
1.377 -0.477204
1.40038 -0.471315
1.42348 -0.465494
1.44672 -0.45964
1.4703 -0.453739
1.49493 -0.447633
1.51754 -0.441971
1.54123 -0.435985
1.56495 -0.429963
1.58863 -0.423966
1.61214 -0.418076
1.63607 -0.412119
1.65934 -0.406315
1.68252 -0.400536
1.7058 -0.394751
1.72948 -0.388851
1.75297 -0.382953
1.77638 -0.377035
1.79991 -0.371134
1.82324 -0.365326
1.84692 -0.359468
1.87052 -0.353643
1.89434 -0.347721
1.9177 -0.341927
1.94103 -0.336134
1.96435 -0.330294
1.988 -0.32433
2.01166 -0.318346
2.03509 -0.312433
2.05855 -0.30654
2.08177 -0.300764
2.10498 -0.295006
2.12835 -0.289213
2.15206 -0.283287
2.17553 -0.277403
2.19902 -0.271487
2.22253 -0.265544
2.24596 -0.259599
2.26969 -0.253616
2.29315 -0.247755
2.31662 -0.241836
2.34003 -0.236177
2.36322 -0.231283
2.38651 -0.227241
2.4102 -0.22415
2.43442 -0.222097
2.45858 -0.221193
2.48261 -0.221443
2.50708 -0.222863
2.53082 -0.225343
2.55498 -0.228987
2.57834 -0.233657
2.60194 -0.239554
2.62508 -0.246463
2.64817 -0.254555
2.67056 -0.263589
2.69256 -0.273685
2.7143 -0.284931
2.73504 -0.296927
2.75604 -0.310413
2.77511 -0.323939
2.79417 -0.338848
2.81267 -0.354797
2.83026 -0.371417
2.8472 -0.38897
2.86304 -0.406983
2.87831 -0.426052
2.89241 -0.445481
2.90568 -0.465726
2.91783 -0.486324
2.92914 -0.507715
2.93954 -0.529884
2.94889 -0.552495
2.95327 -0.564216
2.96313 -0.594482
2.96656 -0.606979
2.96656 -0.606979
2.96654 -0.606897
2.96654 -0.606897
2.96654 -0.606897
2.96654 -0.606897
2.96654 -0.606897
2.96654 -0.606897
2.96654 -0.606897
2.96654 -0.606897
2.96654 -0.606897
2.96654 -0.606897
2.96654 -0.606897
2.96654 -0.606897
2.96654 -0.606897
2.96654 -0.606897
2.96654 -0.606897
2.96654 -0.606897
2.96654 -0.606897
2.96654 -0.606897
2.96654 -0.606897
2.96654 -0.606897
2.96654 -0.606897
2.96654 -0.606897
2.96654 -0.606897
2.96654 -0.606897
2.96654 -0.606897
2.96654 -0.606897
2.96654 -0.606897
2.96654 -0.606897
2.96654 -0.606897
2.96654 -0.606897
2.96654 -0.606897
2.96654 -0.606897
2.96654 -0.606897
2.96654 -0.606897
2.96654 -0.606897
2.96654 -0.606897
2.96654 -0.606897
2.96654 -0.606897
2.96654 -0.606897
2.96654 -0.606897
2.96654 -0.606897
2.96654 -0.606897
2.96654 -0.606897
2.96654 -0.606897
2.96654 -0.606897
2.96654 -0.606897
2.96654 -0.606897
2.96654 -0.606897
2.96654 -0.606897
2.96654 -0.606897
2.96654 -0.606897
2.96654 -0.606897
2.96654 -0.606897
2.96654 -0.606897
2.96654 -0.606897
2.96654 -0.606897
2.96654 -0.606897
2.96654 -0.606897
2.96654 -0.606897
2.96654 -0.606897
2.96654 -0.606897
2.96654 -0.606897
2.96654 -0.606897
2.96654 -0.606897
2.96654 -0.606897
2.96654 -0.606897
2.96654 -0.606897
2.96654 -0.606897
2.96654 -0.606897
2.96654 -0.606897
2.96654 -0.606897
2.96654 -0.606897
2.96654 -0.606897
2.96654 -0.606897
2.96654 -0.606897
2.96654 -0.606897
2.96654 -0.606897
2.96654 -0.606897
2.96654 -0.606897
2.96654 -0.606897
2.96654 -0.606897
2.96654 -0.606897
2.96654 -0.606897
2.96654 -0.606897
2.96654 -0.606897
2.96654 -0.606897
2.96654 -0.606897
2.96654 -0.606897
2.96654 -0.606897
2.96654 -0.606897
2.96654 -0.606897
2.96654 -0.606897
2.96654 -0.606897
2.96654 -0.606897
2.96654 -0.606897
2.96654 -0.606897
2.96654 -0.606897
2.96654 -0.606897
2.96654 -0.606897
2.96654 -0.606897
2.96654 -0.606897
2.96654 -0.606897
2.96654 -0.606897
2.96654 -0.606897
2.96654 -0.606897
2.96654 -0.606897
2.96654 -0.606897
2.96654 -0.606897
2.96654 -0.606897
2.96654 -0.606897
2.96654 -0.606897
2.96654 -0.606897
2.96654 -0.606897
2.96654 -0.606897
2.96654 -0.606897
2.96654 -0.606897
2.96654 -0.606897
2.96654 -0.606897
2.96654 -0.606897
2.96654 -0.606897
2.96654 -0.606897
2.96654 -0.606897
2.96654 -0.606897
2.96654 -0.606897
2.96654 -0.606897
2.96654 -0.606897
2.96654 -0.606897
2.96654 -0.606897
2.96654 -0.606897
2.96654 -0.606897
2.96654 -0.606897
2.96654 -0.606897
2.96654 -0.606897
2.96654 -0.606897
2.96654 -0.606897
2.96654 -0.606897
2.96654 -0.606897
2.96654 -0.606897
2.96654 -0.606897
2.96654 -0.606897
2.96654 -0.606897
2.96654 -0.606897
2.96654 -0.606897
2.96654 -0.606897
2.96654 -0.606897
2.96654 -0.606897
2.96654 -0.606897
2.96654 -0.606897
2.96654 -0.606897
2.96654 -0.606897
2.96654 -0.606897
2.96654 -0.606897
2.96654 -0.606897
2.96654 -0.606897
2.96654 -0.606897
2.96654 -0.606897
2.96654 -0.606897
2.96654 -0.606897
2.96654 -0.606897
2.96654 -0.606897
2.96654 -0.606897
2.96654 -0.606897
2.96654 -0.606897
2.96654 -0.606897
2.96654 -0.606897
2.96654 -0.606897
2.96654 -0.606897
2.96654 -0.606897
2.96654 -0.606897
2.96654 -0.606897
2.96654 -0.606897
2.96654 -0.606897
2.96654 -0.606897
2.96654 -0.606897
2.96654 -0.606897
2.96654 -0.606897
2.96654 -0.606897
2.96654 -0.606897
2.96654 -0.606897
2.96654 -0.606897
2.96654 -0.606897
2.96654 -0.606897
2.96654 -0.606897
2.96654 -0.606897
2.96654 -0.606897
2.96654 -0.606897
2.96654 -0.606897
2.96654 -0.606897
2.96654 -0.606897
2.96654 -0.606897
2.96654 -0.606897
2.96654 -0.606897
2.96654 -0.606897
2.96654 -0.606897
2.96654 -0.606897
2.96654 -0.606897
2.96654 -0.606897
2.96654 -0.606897
2.96654 -0.606897
2.96654 -0.606897
2.96654 -0.606897
2.96654 -0.606897
2.96654 -0.606897
2.96654 -0.606897
2.96654 -0.606897
2.96654 -0.606897
2.96654 -0.606897
2.96654 -0.606897
2.96654 -0.606897
2.96654 -0.606897
2.96654 -0.606897
2.96654 -0.606897
2.96654 -0.606897
2.96654 -0.606897
2.96654 -0.606897
2.96654 -0.606897
2.96654 -0.606897
2.96654 -0.606897
2.96654 -0.606897
2.96654 -0.606897
2.96654 -0.606897
2.96654 -0.606897
2.96654 -0.606897
2.96654 -0.606897
2.96654 -0.606897
2.96654 -0.606897
2.96654 -0.606897
2.96654 -0.606897
2.96654 -0.606897
2.96654 -0.606897
2.96654 -0.606897
2.96654 -0.606897
2.96654 -0.606897
2.96654 -0.606897
2.96654 -0.606897
2.96654 -0.606897
2.96654 -0.606897
2.96654 -0.606897
2.96654 -0.606897
2.96654 -0.606897
2.96654 -0.606897
2.96654 -0.606897
2.96654 -0.606897
2.96654 -0.606897
2.96654 -0.606897
2.96654 -0.606897
2.96654 -0.606897
2.96654 -0.606897
2.96654 -0.606897
2.96654 -0.606897
2.96654 -0.606897
2.96654 -0.606897
2.96654 -0.606897
2.96654 -0.606897
2.96654 -0.606897
2.96654 -0.606897
2.96654 -0.606897
2.96654 -0.606897
2.96654 -0.606897
2.96654 -0.606897
2.96654 -0.606897
2.96654 -0.606897
2.96654 -0.606897
2.96654 -0.606897
2.96654 -0.606897
2.96654 -0.606897
2.96654 -0.606897
2.96654 -0.606897
2.96654 -0.606897
2.96654 -0.606897
2.96654 -0.606897
2.96654 -0.606897
2.96654 -0.606897
2.96654 -0.606897
2.96654 -0.606897
2.96654 -0.606897
2.96654 -0.606897
2.96654 -0.606897
2.96654 -0.606897
2.96654 -0.606897
2.96654 -0.606897
2.96654 -0.606897
2.96654 -0.606897
2.96654 -0.606897
2.96654 -0.606897
2.96654 -0.606897
2.96654 -0.606897
2.96654 -0.606897
2.96654 -0.606897
2.96654 -0.606897
2.96654 -0.606897
2.96654 -0.606897
2.96654 -0.606897
2.96654 -0.606897
2.96654 -0.606897
2.96654 -0.606897
2.96654 -0.606897
2.96654 -0.606897
2.96654 -0.606897
2.96654 -0.606897
2.96654 -0.606897
2.96654 -0.606897
2.96654 -0.606897
2.96654 -0.606897
2.96654 -0.606897
2.96654 -0.606897
2.96654 -0.606897
2.96654 -0.606897
2.96654 -0.606897
2.96654 -0.606897
2.96654 -0.606897
2.96654 -0.606897
2.96654 -0.606897
2.96654 -0.606897
2.96654 -0.606897
2.96654 -0.606897
2.96654 -0.606897
2.96654 -0.606897
2.96654 -0.606897
2.96654 -0.606897
2.96654 -0.606897
2.96654 -0.606897
2.96654 -0.606897
2.96654 -0.606897
2.96654 -0.606897
2.96654 -0.606897
2.96654 -0.606897
2.96654 -0.606897
2.96654 -0.606897
2.96654 -0.606897
2.96654 -0.606897
2.96654 -0.606897
2.96654 -0.606897
2.96654 -0.606897
2.96654 -0.606897
2.96654 -0.606897
2.96654 -0.606897
2.96654 -0.606897
2.96654 -0.606897
2.96654 -0.606897
2.96654 -0.606897
2.96654 -0.606897
2.96654 -0.606897
2.96654 -0.606897
2.96654 -0.606897
2.96654 -0.606897
2.96654 -0.606897
2.96654 -0.606897
2.96654 -0.606897
2.96654 -0.606897
2.96654 -0.606897
2.96654 -0.606897
2.96654 -0.606897
2.96654 -0.606897
2.96654 -0.606897
2.96654 -0.606897
2.96654 -0.606897
2.96654 -0.606897
2.96654 -0.606897
2.96654 -0.606897
2.96654 -0.606897
2.96654 -0.606897
2.96654 -0.606897
2.96654 -0.606897
2.96654 -0.606897
2.96654 -0.606897
2.96654 -0.606897
2.96654 -0.606897
2.96654 -0.606897
2.96654 -0.606897
2.96654 -0.606897
2.96654 -0.606897
2.96654 -0.606897
2.96654 -0.606897
2.96654 -0.606897
2.96654 -0.606897
2.96654 -0.606897
2.96654 -0.606897
2.96654 -0.606897
2.96654 -0.606897
2.96654 -0.606897
2.96654 -0.606897
2.96654 -0.606897
2.96654 -0.606897
2.96654 -0.606897
2.96654 -0.606897
2.96654 -0.606897
2.96654 -0.606897
2.96654 -0.606897
2.96654 -0.606897
2.96654 -0.606897
2.96654 -0.606897
2.96654 -0.606897
2.96654 -0.606897
2.96654 -0.606897
2.96654 -0.606897
2.96654 -0.606897
2.96654 -0.606897
2.96654 -0.606897
2.96654 -0.606897
2.96654 -0.606897
2.96654 -0.606897
2.96654 -0.606897
2.96654 -0.606897
2.96654 -0.606897
2.96654 -0.606897
2.96654 -0.606897
2.96654 -0.606897
2.96654 -0.606897
2.96654 -0.606897
2.96654 -0.606897
2.96654 -0.606897
2.96654 -0.606897
2.96654 -0.606897
2.96654 -0.606897
2.96654 -0.606897
2.96654 -0.606897
2.96654 -0.606897
2.96654 -0.606897
2.96654 -0.606897
2.96654 -0.606897
2.96654 -0.606897
2.96654 -0.606897
2.96654 -0.606897
2.96654 -0.606897
2.96654 -0.606897
2.96654 -0.606897
2.96654 -0.606897
2.96654 -0.606897
2.96654 -0.606897
2.96654 -0.606897
2.96654 -0.606897
2.96654 -0.606897
2.96654 -0.606897
2.96654 -0.606897
2.96654 -0.606897
2.96654 -0.606897
2.96654 -0.606897
2.96654 -0.606897
2.96654 -0.606897
2.96654 -0.606897
2.96654 -0.606897
2.96654 -0.606897
2.96654 -0.606897
2.96654 -0.606897
2.96654 -0.606897
2.96654 -0.606897
2.96654 -0.606897
2.96654 -0.606897
2.96654 -0.606897
2.96654 -0.606897
2.96654 -0.606897
2.96654 -0.606897
2.96654 -0.606897
2.96654 -0.606897
2.96654 -0.606897
2.96654 -0.606897
2.96654 -0.606897
2.96654 -0.606897
2.96654 -0.606897
2.96654 -0.606897
2.96654 -0.606897
2.96654 -0.606897
2.96654 -0.606897
2.96654 -0.606897
2.96654 -0.606897
2.96654 -0.606897
2.96654 -0.606897
2.96654 -0.606897
2.96654 -0.606897
2.96654 -0.606897
2.96654 -0.606897
2.96654 -0.606897
2.96654 -0.606897
2.96654 -0.606897
2.96654 -0.606897
2.96654 -0.606897
2.96654 -0.606897
2.96654 -0.606897
2.96654 -0.606897
2.96654 -0.606897
2.96654 -0.606897
2.96654 -0.606897
2.96654 -0.606897
2.96654 -0.606897
2.96654 -0.606897
2.96654 -0.606897
2.96654 -0.606897
2.96654 -0.606897
2.96654 -0.606897
2.96654 -0.606897
2.96654 -0.606897
2.96654 -0.606897
2.96654 -0.606897
2.96654 -0.606897
2.96654 -0.606897
2.96654 -0.606897
2.96654 -0.606897
2.96654 -0.606897
2.96654 -0.606897
2.96654 -0.606897
2.96654 -0.606897
2.96654 -0.606897
2.96654 -0.606897
2.96654 -0.606897
2.96654 -0.606897
2.96654 -0.606897
2.96654 -0.606897
2.96654 -0.606897
2.96654 -0.606897
2.96654 -0.606897
2.96654 -0.606897
2.96654 -0.606897
2.96654 -0.606897
2.96654 -0.606897
2.96654 -0.606897
2.96654 -0.606897
2.96654 -0.606897
2.96654 -0.606897
2.96654 -0.606897
2.96654 -0.606897
2.96654 -0.606897
2.96654 -0.606897
2.96654 -0.606897
2.96654 -0.606897
2.96654 -0.606897
2.96654 -0.606897
2.96654 -0.606897
2.96654 -0.606897
2.96654 -0.606897
2.96654 -0.606897
2.96654 -0.606897
2.96654 -0.606897
2.96654 -0.606897
2.96654 -0.606897
2.96654 -0.606897
2.96654 -0.606897
2.96654 -0.606897
2.96654 -0.606897
2.96654 -0.606897
2.96654 -0.606897
2.96654 -0.606897
2.96654 -0.606897
2.96654 -0.606897
2.96654 -0.606897
2.96654 -0.606897
2.96654 -0.606897
2.96654 -0.606897
2.96654 -0.606897
2.96654 -0.606897
2.96654 -0.606897
2.96654 -0.606897
2.96654 -0.606897
2.96654 -0.606897
2.96654 -0.606897
2.96654 -0.606897
2.96654 -0.606897
2.96654 -0.606897
2.96654 -0.606897
2.96654 -0.606897
2.96654 -0.606897
2.96654 -0.606897
2.96654 -0.606897
2.96654 -0.606897
2.96654 -0.606897
