3.72671 -3.1786
3.72671 -3.1786
3.72671 -3.1786
3.72671 -3.1786
3.72671 -3.1786
3.72671 -3.1786
3.72671 -3.1786
3.72671 -3.1786
3.72671 -3.1786
3.72671 -3.1786
3.72671 -3.1786
3.72671 -3.1786
3.72671 -3.1786
3.72671 -3.1786
3.72671 -3.1786
3.72671 -3.1786
3.72671 -3.1786
3.72671 -3.1786
3.72671 -3.1786
3.72671 -3.1786
3.72671 -3.1786
3.72671 -3.1786
3.72671 -3.1786
3.72671 -3.1786
3.72671 -3.1786
3.72671 -3.1786
3.72671 -3.1786
3.72671 -3.1786
3.72671 -3.1786
3.72671 -3.1786
3.72671 -3.1786
3.72671 -3.1786
3.72671 -3.1786
3.72671 -3.1786
3.72671 -3.1786
3.72671 -3.1786
3.72671 -3.1786
3.72671 -3.1786
3.72671 -3.1786
3.72671 -3.1786
3.72671 -3.1786
3.72671 -3.1786
3.72671 -3.1786
3.72671 -3.1786
3.72671 -3.1786
3.72671 -3.1786
3.72671 -3.1786
3.72671 -3.1786
3.72671 -3.1786
3.72671 -3.1786
3.72671 -3.1786
3.72671 -3.1786
3.72671 -3.1786
3.72671 -3.1786
3.72671 -3.1786
3.72671 -3.1786
3.72671 -3.1786
3.72671 -3.1786
3.72671 -3.1786
3.72671 -3.1786
3.72671 -3.1786
3.72671 -3.1786
3.72671 -3.1786
3.72671 -3.1786
3.72671 -3.1786
3.72671 -3.1786
3.72671 -3.1786
3.72671 -3.1786
3.72671 -3.1786
3.72671 -3.1786
3.72671 -3.1786
3.72671 -3.1786
3.72671 -3.1786
3.72671 -3.1786
3.72671 -3.1786
3.72671 -3.1786
3.72671 -3.1786
3.72671 -3.1786
3.72671 -3.1786
3.72671 -3.1786
3.72671 -3.1786
3.72671 -3.1786
3.72671 -3.1786
3.72671 -3.1786
3.72671 -3.1786
3.72671 -3.1786
3.72671 -3.1786
3.72671 -3.1786
3.72671 -3.1786
3.72671 -3.1786
3.72671 -3.1786
3.72671 -3.1786
3.72671 -3.1786
3.72671 -3.1786
3.72671 -3.1786
3.72671 -3.1786
3.72671 -3.1786
3.72671 -3.1786
3.72671 -3.1786
3.72671 -3.1786
3.72671 -3.1786
3.72671 -3.1786
3.72671 -3.1786
3.72671 -3.1786
3.72671 -3.1786
3.72671 -3.1786
3.72671 -3.1786
3.72671 -3.1786
3.72671 -3.1786
3.72671 -3.1786
3.72671 -3.1786
3.72671 -3.1786
3.72671 -3.1786
3.72671 -3.1786
3.72671 -3.1786
3.72671 -3.1786
3.72671 -3.1786
3.72671 -3.1786
3.72671 -3.1786
3.72671 -3.1786
3.72671 -3.1786
3.72671 -3.1786
3.72671 -3.1786
3.72671 -3.1786
3.72671 -3.1786
3.72671 -3.1786
3.72671 -3.1786
3.72671 -3.1786
3.72671 -3.1786
3.72671 -3.1786
3.72671 -3.1786
3.72671 -3.1786
3.72671 -3.1786
3.72671 -3.1786
3.72671 -3.1786
3.72671 -3.1786
3.72671 -3.1786
3.72671 -3.1786
3.72671 -3.1786
3.72671 -3.1786
3.72671 -3.1786
3.72671 -3.1786
3.72671 -3.1786
3.72671 -3.1786
3.72671 -3.1786
3.72671 -3.1786
3.72671 -3.1786
3.72671 -3.1786
3.72671 -3.1786
3.72671 -3.1786
3.72671 -3.1786
3.72671 -3.1786
3.72671 -3.1786
3.72671 -3.1786
3.72671 -3.1786
3.72671 -3.1786
3.72671 -3.1786
3.72671 -3.1786
3.72671 -3.1786
3.72671 -3.1786
3.72671 -3.1786
3.72671 -3.1786
3.72671 -3.1786
3.72671 -3.1786
3.72671 -3.1786
3.72671 -3.1786
3.72671 -3.1786
3.72671 -3.1786
3.72671 -3.1786
3.72671 -3.1786
3.72671 -3.1786
3.72671 -3.1786
3.72671 -3.1786
3.72671 -3.1786
3.72671 -3.1786
3.72671 -3.1786
3.72671 -3.1786
3.72671 -3.1786
3.72671 -3.1786
3.72671 -3.1786
3.72671 -3.1786
3.72671 -3.1786
3.72671 -3.1786
3.72671 -3.1786
3.72671 -3.1786
3.72671 -3.1786
3.72671 -3.1786
3.72671 -3.1786
3.72671 -3.1786
3.72671 -3.1786
3.72671 -3.1786
3.72671 -3.1786
3.72671 -3.1786
3.72671 -3.1786
3.72671 -3.1786
3.72671 -3.1786
3.72671 -3.1786
3.72671 -3.1786
3.72671 -3.1786
3.72671 -3.1786
3.72671 -3.1786
3.72671 -3.1786
3.72671 -3.1786
3.72671 -3.1786
3.72671 -3.1786
3.72671 -3.1786
3.72671 -3.1786
3.72671 -3.1786
3.72671 -3.1786
3.72671 -3.1786
3.72671 -3.1786
3.72671 -3.1786
3.72671 -3.1786
3.72671 -3.1786
3.72671 -3.1786
3.72671 -3.1786
3.72671 -3.1786
3.72671 -3.1786
3.72671 -3.1786
3.72671 -3.1786
3.72671 -3.1786
3.72671 -3.1786
3.72671 -3.1786
3.72671 -3.1786
3.72671 -3.1786
3.72671 -3.1786
3.72671 -3.1786
3.72671 -3.1786
3.72671 -3.1786
3.72671 -3.1786
3.72671 -3.1786
3.72671 -3.1786
3.72671 -3.1786
3.72671 -3.1786
3.72671 -3.1786
3.72671 -3.1786
3.72671 -3.1786
3.72671 -3.1786
3.72671 -3.1786
3.72671 -3.1786
3.72671 -3.1786
3.72671 -3.1786
3.72671 -3.1786
3.72671 -3.1786
3.72671 -3.1786
3.72671 -3.1786
3.72671 -3.1786
3.72671 -3.1786
3.72671 -3.1786
3.72671 -3.1786
3.72671 -3.1786
3.72671 -3.1786
3.72671 -3.1786
3.72671 -3.1786
3.72671 -3.1786
3.72671 -3.1786
3.72671 -3.1786
3.72671 -3.1786
3.72671 -3.1786
3.72671 -3.1786
3.72671 -3.1786
3.72671 -3.1786
3.72671 -3.1786
3.72671 -3.1786
3.72671 -3.1786
3.72671 -3.1786
3.72671 -3.1786
3.72671 -3.1786
3.72671 -3.1786
3.72671 -3.1786
3.72671 -3.1786
3.72671 -3.1786
3.72671 -3.1786
3.72671 -3.1786
3.72671 -3.1786
3.72671 -3.1786
3.72671 -3.1786
3.72671 -3.1786
3.72671 -3.1786
3.72671 -3.1786
3.72671 -3.1786
3.72671 -3.1786
3.72671 -3.1786
3.72671 -3.1786
3.72671 -3.1786
3.72671 -3.1786
3.72671 -3.1786
3.72671 -3.1786
3.72671 -3.1786
3.72671 -3.1786
3.72671 -3.1786
3.72671 -3.1786
3.72671 -3.1786
3.72671 -3.1786
3.72671 -3.1786
3.72671 -3.1786
3.72671 -3.1786
3.72671 -3.1786
3.72671 -3.1786
3.72671 -3.1786
3.72671 -3.1786
3.72671 -3.1786
3.72671 -3.1786
3.72671 -3.1786
3.72671 -3.1786
3.72671 -3.1786
3.72671 -3.1786
3.72671 -3.1786
3.72671 -3.1786
3.72671 -3.1786
3.72671 -3.1786
3.72671 -3.1786
3.72671 -3.1786
3.72671 -3.1786
3.72671 -3.1786
3.72671 -3.1786
3.72671 -3.1786
3.72671 -3.1786
3.72671 -3.1786
3.72671 -3.1786
3.72671 -3.1786
3.72671 -3.1786
3.72671 -3.1786
3.72671 -3.1786
3.72671 -3.1786
3.72671 -3.1786
3.72671 -3.1786
3.72671 -3.1786
3.72578 -3.17442
3.72346 -3.16409
3.71847 -3.14173
3.71253 -3.11497
3.70705 -3.09034
3.70164 -3.06589
3.69662 -3.04301
3.6914 -3.01941
3.68603 -2.99535
3.68078 -2.97198
3.67543 -2.94827
3.67009 -2.92472
3.66466 -2.90065
3.65957 -2.87772
3.65431 -2.85425
3.649 -2.83045
3.64361 -2.80654
3.63823 -2.78304
3.63282 -2.75942
3.6274 -2.73583
3.62197 -2.71215
3.61644 -2.688
3.61101 -2.66405
3.60577 -2.64091
3.60061 -2.61804
3.59527 -2.59419
3.58979 -2.56975
3.58454 -2.54649
3.57933 -2.52334
3.57407 -2.49974
3.56878 -2.47615
3.56344 -2.45249
3.55819 -2.42914
3.55272 -2.40499
3.54735 -2.38135
3.54214 -2.35829
3.53699 -2.3355
3.53157 -2.31169
3.52616 -2.2878
3.52107 -2.26503
3.51599 -2.24181
3.51328 -2.22942
3.5056 -2.19413
3.50049 -2.17057
3.49527 -2.14645
3.49026 -2.12326
3.48532 -2.10017
3.48042 -2.07699
3.47527 -2.05291
3.47023 -2.02977
3.46523 -2.00704
3.46006 -1.98383
3.45472 -1.96048
3.44921 -1.93677
3.44362 -1.91273
3.43831 -1.88933
3.43314 -1.86634
3.42784 -1.84263
3.42256 -1.81895
3.41702 -1.79402
3.41193 -1.77082
3.40686 -1.74735
3.40173 -1.72347
3.39654 -1.69935
3.39143 -1.67579
3.38644 -1.65263
3.38125 -1.62832
3.37606 -1.60412
3.37095 -1.58024
3.36585 -1.55631
3.36068 -1.53209
3.35555 -1.50796
3.35043 -1.48398
3.34555 -1.461
3.34045 -1.43719
3.33515 -1.41259
3.33012 -1.38915
3.32513 -1.36568
3.32009 -1.34179
3.31505 -1.31808
3.30988 -1.29377
3.3049 -1.27003
3.29995 -1.24661
3.29498 -1.22316
3.29192 -1.20877
3.28484 -1.1758
3.27982 -1.15224
3.27475 -1.12839
3.26954 -1.10413
3.26377 -1.07724
3.25943 -1.05677
3.25442 -1.03305
3.24948 -1.00936
3.24441 -0.98515
3.23944 -0.961446
3.23457 -0.938095
3.22951 -0.914099
3.22436 -0.889981
3.21938 -0.86674
3.21433 -0.842947
3.20916 -0.818718
3.20404 -0.794883
3.19898 -0.771346
3.19385 -0.747455
3.18878 -0.723896
3.18377 -0.700532
3.1801 -0.683302
3.17881 -0.677254
3.17824 -0.674594
3.17824 -0.674594
3.17824 -0.674594
3.17824 -0.674594
3.17824 -0.674594
3.17824 -0.674594
3.17824 -0.674594
3.17824 -0.674594
3.17824 -0.674594
3.17824 -0.674594
3.17824 -0.674594
3.17824 -0.674594
3.17824 -0.674594
3.17824 -0.674594
3.17824 -0.674594
3.17824 -0.674594
3.17824 -0.674594
3.17824 -0.674594
3.17824 -0.674594
3.17824 -0.674594
3.17824 -0.674594
3.17824 -0.674594
3.17824 -0.674594
3.17824 -0.674594
3.17824 -0.674594
3.17824 -0.674594
3.17736 -0.670466
3.1766 -0.666889
3.17037 -0.637852
3.16494 -0.612553
3.15985 -0.588834
3.15595 -0.570837
3.15317 -0.557845
3.15285 -0.556343
3.15285 -0.556343
3.15285 -0.556343
3.15285 -0.556343
3.15285 -0.556343
3.15285 -0.556343
3.15285 -0.556343
3.15285 -0.556343
3.15285 -0.556343
3.15285 -0.556343
3.15285 -0.556343
3.15285 -0.556343
3.15285 -0.556343
3.15285 -0.556343
3.15285 -0.556343
3.15285 -0.556343
3.15285 -0.556343
3.15285 -0.556343
3.15285 -0.556343
3.15285 -0.556343
3.15285 -0.556343
3.15285 -0.556343
3.15285 -0.556343
3.15285 -0.556343
3.15285 -0.556343
3.15285 -0.556343
3.15285 -0.556343
3.15285 -0.556343
3.15285 -0.556343
3.15285 -0.556343
3.15285 -0.556343
3.15285 -0.556343
3.15285 -0.556343
3.15285 -0.556343
3.15285 -0.556343
3.15285 -0.556343
3.15285 -0.556343
3.15285 -0.556343
3.15285 -0.556343
3.15285 -0.556343
3.15285 -0.556343
3.15285 -0.556343
3.15285 -0.556343
3.15285 -0.556343
3.15285 -0.556343
3.15285 -0.556343
3.15285 -0.556343
3.15285 -0.556343
3.15285 -0.556343
3.15285 -0.556343
3.15285 -0.556343
3.15285 -0.556343
3.15285 -0.556343
3.15285 -0.556343
3.15285 -0.556343
3.15285 -0.556343
3.15285 -0.556343
3.15285 -0.556343
3.15285 -0.556343
3.15285 -0.556343
3.15285 -0.556343
3.15285 -0.556343
3.15285 -0.556343
3.15285 -0.556343
3.15285 -0.556343
3.15285 -0.556343
3.15285 -0.556343
3.15285 -0.556343
3.15285 -0.556343
3.15285 -0.556343
3.15285 -0.556343
3.15285 -0.556343
3.15285 -0.556343
3.15285 -0.556343
3.15285 -0.556343
3.15285 -0.556343
3.15285 -0.556343
3.15285 -0.556343
3.15285 -0.556343
3.15285 -0.556343
3.15285 -0.556343
3.15285 -0.556343
3.15285 -0.556343
3.15285 -0.556343
3.15285 -0.556343
3.15285 -0.556343
3.15285 -0.556343
3.15285 -0.556343
3.15285 -0.556343
3.15285 -0.556343
3.15285 -0.556343
3.15285 -0.556343
3.15285 -0.556343
3.15285 -0.556343
3.15285 -0.556343
3.15285 -0.556343
3.15285 -0.556343
3.15285 -0.556343
3.15285 -0.556343
3.15285 -0.556343
3.15285 -0.556343
3.15285 -0.556343
3.15285 -0.556343
3.15285 -0.556343
3.15285 -0.556343
3.15285 -0.556343
3.15285 -0.556343
3.15285 -0.556343
3.15285 -0.556343
3.15285 -0.556343
3.15285 -0.556343
3.15285 -0.556343
3.15285 -0.556343
3.15285 -0.556343
3.15285 -0.556343
3.15285 -0.556343
3.15285 -0.556343
3.15285 -0.556343
3.15285 -0.556343
3.15285 -0.556343
3.15285 -0.556343
3.15285 -0.556343
3.15285 -0.556343
3.15285 -0.556343
3.15285 -0.556343
3.15285 -0.556343
3.15285 -0.556343
3.15285 -0.556343
3.15285 -0.556343
3.15285 -0.556343
3.15285 -0.556343
3.15285 -0.556343
3.15285 -0.556343
3.15285 -0.556343
3.15285 -0.556343
3.15285 -0.556343
3.15285 -0.556343
3.15285 -0.556343
3.15285 -0.556343
3.15285 -0.556343
3.15285 -0.556343
3.15285 -0.556343
3.15285 -0.556343
3.15285 -0.556343
3.15285 -0.556343
3.15285 -0.556343
3.15285 -0.556343
3.15285 -0.556343
3.15285 -0.556343
3.15285 -0.556343
3.15285 -0.556343
3.15285 -0.556343
3.15285 -0.556343
3.15285 -0.556343
3.15285 -0.556343
3.15285 -0.556343
3.15285 -0.556343
3.15285 -0.556343
3.15285 -0.556343
3.15285 -0.556343
3.15285 -0.556343
3.15285 -0.556343
3.15285 -0.556343
3.15285 -0.556343
3.15285 -0.556343
3.15285 -0.556343
3.15285 -0.556343
3.15285 -0.556343
3.15285 -0.556343
3.15285 -0.556343
3.15285 -0.556343
3.15285 -0.556343
3.15285 -0.556343
3.15285 -0.556343
3.15285 -0.556343
3.15285 -0.556343
3.15285 -0.556343
3.15285 -0.556343
3.15285 -0.556343
3.15285 -0.556343
3.15285 -0.556343
3.15285 -0.556343
3.15285 -0.556343
3.15285 -0.556343
3.15285 -0.556343
3.15285 -0.556343
3.15285 -0.556343
3.15285 -0.556343
3.15285 -0.556343
3.15285 -0.556343
3.15285 -0.556343
3.15285 -0.556343
3.15285 -0.556343
3.15285 -0.556343
3.15285 -0.556343
3.15285 -0.556343
3.15285 -0.556343
3.15285 -0.556343
3.15285 -0.556343
3.15285 -0.556343
3.15285 -0.556343
3.15285 -0.556343
3.15285 -0.556343
3.15285 -0.556343
3.15285 -0.556343
3.15285 -0.556343
3.15285 -0.556343
3.15285 -0.556343
3.15285 -0.556343
3.15285 -0.556343
3.15285 -0.556343
3.15285 -0.556343
3.15285 -0.556343
3.15285 -0.556343
3.15285 -0.556343
3.15285 -0.556343
3.15285 -0.556343
3.15285 -0.556343
3.15285 -0.556343
3.15285 -0.556343
3.15285 -0.556343
3.15285 -0.556343
3.15285 -0.556343
3.15285 -0.556343
3.15285 -0.556343
3.15285 -0.556343
3.15285 -0.556343
3.15285 -0.556343
3.15285 -0.556343
3.15285 -0.556343
3.15285 -0.556343
3.15285 -0.556343
3.15285 -0.556343
3.15285 -0.556343
3.15285 -0.556343
3.15285 -0.556343
3.15285 -0.556343
3.15285 -0.556343
3.15285 -0.556343
3.15285 -0.556343
3.15285 -0.556343
3.15285 -0.556343
3.15285 -0.556343
3.15285 -0.556343
3.15285 -0.556343
3.15285 -0.556343
3.15285 -0.556343
3.15285 -0.556343
3.15285 -0.556343
3.15285 -0.556343
3.15285 -0.556343
3.15285 -0.556343
3.15285 -0.556343
3.15285 -0.556343
3.15285 -0.556343
3.15285 -0.556343
3.15285 -0.556343
3.15285 -0.556343
3.15285 -0.556343
3.15285 -0.556343
3.15285 -0.556343
3.15285 -0.556343
3.15285 -0.556343
3.15285 -0.556343
3.15285 -0.556343
3.15285 -0.556343
3.15285 -0.556343
3.15285 -0.556343
3.15285 -0.556343
3.15285 -0.556343
3.15285 -0.556343
3.15285 -0.556343
3.15285 -0.556343
3.15285 -0.556343
3.15285 -0.556343
3.15285 -0.556343
3.15285 -0.556343
3.15285 -0.556343
3.15298 -0.556952
3.1529 -0.556619
3.1528 -0.556226
3.15283 -0.556349
3.1528 -0.556259
3.15272 -0.556072
3.15288 -0.556392
3.153 -0.556622
3.15279 -0.556278
3.15267 -0.556108
3.15278 -0.556274
3.15251 -0.555967
3.15256 -0.556012
3.15261 -0.556062
3.15253 -0.555997
3.15249 -0.555967
3.15249 -0.555967
3.15249 -0.555967
3.15255 -0.555997
3.1523 -0.555884
3.15204 -0.555784
3.15179 -0.555697
3.15153 -0.555625
3.15233 -0.555806
3.15242 -0.555822
3.15247 -0.555828
3.15188 -0.555786
3.15188 -0.555791
3.15106 -0.555822
3.15112 -0.555816
3.15112 -0.555816
3.15192 -0.555653
3.15205 -0.555619
3.15232 -0.55554
3.15244 -0.555494
3.15207 -0.555653
3.15207 -0.555658
3.15192 -0.555737
3.15213 -0.555606
3.15223 -0.555533
3.15227 -0.55551
3.15227 -0.55551
3.15227 -0.555509
3.15241 -0.555362
3.15241 -0.555362
3.1525 -0.555234
3.15263 -0.555051
3.15268 -0.554966
3.15279 -0.554764
3.15282 -0.554703
3.15279 -0.55478
3.15273 -0.554973
3.15269 -0.555085
3.15267 -0.555194
3.15274 -0.554792
3.15279 -0.554387
3.1528 -0.554284
3.15281 -0.554081
3.15279 -0.553725
3.15279 -0.5536
3.15282 -0.553835
3.15278 -0.55365
3.15279 -0.553651
3.15271 -0.553355
3.15271 -0.553355
3.15273 -0.553453
3.15273 -0.553453
3.15273 -0.553453
3.15273 -0.553453
3.15273 -0.553453
3.15273 -0.553453
3.15273 -0.553453
3.15273 -0.553453
3.15273 -0.553453
3.15273 -0.553453
3.15273 -0.553454
3.15275 -0.553535
3.15274 -0.553474
3.15274 -0.553474
3.15271 -0.553271
3.15273 -0.553397
3.15271 -0.553238
3.15272 -0.553365
3.15272 -0.553365
3.15272 -0.553365
3.15272 -0.553365
3.15272 -0.553365
3.15272 -0.553365
3.15272 -0.553365
3.15272 -0.553365
3.15272 -0.553365
3.15272 -0.553365
3.15272 -0.553365
3.15272 -0.553365
3.15272 -0.553365
3.15272 -0.553365
3.15272 -0.553365
3.15272 -0.553365
3.15272 -0.553365
3.15272 -0.553365
3.15272 -0.553365
3.15272 -0.553365
3.15272 -0.553365
3.15272 -0.553365
3.15272 -0.553365
3.15272 -0.553365
3.15272 -0.553365
3.15272 -0.553365
3.15272 -0.553365
3.15272 -0.553365
3.15272 -0.553365
3.15272 -0.553365
3.15272 -0.553365
3.15272 -0.553365
3.15272 -0.553365
3.15272 -0.553365
3.15272 -0.553365
3.15272 -0.553365
3.15272 -0.553365
3.15272 -0.553365
3.15272 -0.553365
3.15272 -0.553365
3.15272 -0.553365
3.15272 -0.553365
3.15272 -0.553365
3.15272 -0.553365
3.15272 -0.553365
3.15272 -0.553365
3.15272 -0.553365
3.15272 -0.553365
3.15272 -0.553365
3.15272 -0.553365
3.15272 -0.553365
3.15272 -0.553365
3.15272 -0.553365
3.15272 -0.553365
3.15272 -0.553365
3.15272 -0.553365
3.15272 -0.553365
3.15272 -0.553365
3.15272 -0.553365
3.15272 -0.553365
3.15272 -0.553365
3.15272 -0.553365
3.15272 -0.553365
3.15272 -0.553365
3.15272 -0.553365
3.15272 -0.553365
3.15272 -0.553365
3.15272 -0.553365
3.15272 -0.553365
3.15272 -0.553365
3.15272 -0.553365
3.15272 -0.553365
3.15272 -0.553365
3.15272 -0.553365
3.15272 -0.553365
3.15272 -0.553365
3.15272 -0.553365
3.15272 -0.553365
3.15272 -0.553365
3.15272 -0.553365
3.15272 -0.553365
3.15272 -0.553365
3.15272 -0.553365
3.15272 -0.553365
3.15272 -0.553365
3.15272 -0.553365
3.15272 -0.553365
3.15272 -0.553365
3.15272 -0.553365
3.15272 -0.553365
3.15272 -0.553365
3.15272 -0.553365
3.15272 -0.553365
3.15272 -0.553365
3.15272 -0.553365
3.15272 -0.553365
3.15272 -0.553365
3.15272 -0.553365
3.15272 -0.553365
3.15272 -0.553365
3.15272 -0.553365
3.15272 -0.553365
3.15272 -0.553365
3.15272 -0.553365
3.15272 -0.553365
3.15272 -0.553365
3.15272 -0.553365
3.15272 -0.553365
3.15272 -0.553365
3.15272 -0.553365
3.15272 -0.553365
3.15272 -0.553365
3.15272 -0.553365
3.15272 -0.553365
3.15272 -0.553365
3.15272 -0.553365
3.15272 -0.553365
3.15272 -0.553365
3.15272 -0.553365
3.15272 -0.553365
3.15272 -0.553365
3.15272 -0.553365
3.15272 -0.553365
3.15272 -0.553365
3.15272 -0.553365
3.15272 -0.553365
3.15272 -0.553365
3.15272 -0.553365
3.15272 -0.553365
3.15272 -0.553365
3.15272 -0.553365
3.15272 -0.553365
3.15272 -0.553365
3.15272 -0.553365
3.15272 -0.553365
3.15272 -0.553365
3.15272 -0.553365
3.15272 -0.553365
3.15272 -0.553365
3.15272 -0.553365
3.15272 -0.553365
3.15272 -0.553365
3.15272 -0.553365
3.15272 -0.553365
3.15272 -0.553365
3.15272 -0.553365
3.15272 -0.553365
3.15272 -0.553365
3.15272 -0.553365
3.15272 -0.553365
3.15272 -0.553365
3.15272 -0.553365
3.15272 -0.553365
3.15272 -0.553365
3.15272 -0.553365
3.15272 -0.553365
3.15272 -0.553365
3.15272 -0.553365
3.15272 -0.553365
3.15272 -0.553365
3.15272 -0.553365
3.15272 -0.553365
3.15272 -0.553365
3.15272 -0.553365
3.15272 -0.553365
3.15272 -0.553365
3.15272 -0.553365
3.15272 -0.553365
3.15272 -0.553365
3.15272 -0.553365
3.15272 -0.553365
3.15272 -0.553365
3.15272 -0.553365
3.15272 -0.553365
3.15272 -0.553365
3.15272 -0.553365
3.15272 -0.553365
3.15272 -0.553365
3.15272 -0.553365
3.15272 -0.553365
3.15272 -0.553365
3.15272 -0.553365
3.15272 -0.553365
3.15272 -0.553365
3.15272 -0.553365
3.15272 -0.553365
3.15272 -0.553365
3.15272 -0.553365
3.15272 -0.553365
3.15272 -0.553365
3.15272 -0.553365
3.15272 -0.553365
3.15272 -0.553365
3.15272 -0.553365
3.15272 -0.553365
3.15272 -0.553365
3.15272 -0.553365
3.15272 -0.553365
3.15272 -0.553365
3.15272 -0.553365
3.15272 -0.553365
3.15272 -0.553365
3.15272 -0.553365
3.15272 -0.553365
3.15272 -0.553365
3.15272 -0.553365
3.15272 -0.553365
3.15272 -0.553365
3.15272 -0.553365
3.15272 -0.553365
3.15272 -0.553365
3.15272 -0.553365
3.15272 -0.553365
3.15272 -0.553365
3.15272 -0.553365
3.15272 -0.553365
3.15272 -0.553365
3.15272 -0.553365
3.15272 -0.553365
3.15272 -0.553365
3.15272 -0.553365
3.15272 -0.553365
3.15272 -0.553365
3.15272 -0.553365
3.15272 -0.553365
3.15272 -0.553365
3.15272 -0.553365
3.15272 -0.553365
3.15272 -0.553365
3.15272 -0.553365
3.15272 -0.553365
3.15272 -0.553365
3.15272 -0.553365
3.15272 -0.553365
3.15272 -0.553365
3.15272 -0.553365
3.15272 -0.553365
3.15272 -0.553365
3.15272 -0.553365
3.15272 -0.553365
3.15272 -0.553365
3.15294 -0.555604
3.15388 -0.564342
3.15603 -0.584611
3.15864 -0.610422
3.16115 -0.636289
3.16343 -0.660105
3.16576 -0.684494
3.16797 -0.708443
3.17012 -0.732453
3.17225 -0.756173
3.17453 -0.780781
3.17686 -0.805197
3.17917 -0.829555
3.18145 -0.853785
3.18369 -0.877713
3.18602 -0.902072
3.18834 -0.925823
3.19076 -0.950845
3.19311 -0.9749
3.19541 -0.998784
3.19774 -1.0234
3.2001 -1.04819
3.20239 -1.07231
3.20471 -1.096
3.20715 -1.12083
3.20939 -1.14556
3.21152 -1.16988
3.21359 -1.19396
3.21568 -1.21873
3.21776 -1.24305
3.21992 -1.26751
3.22211 -1.29203
3.22424 -1.31619
3.22541 -1.3295
3.22849 -1.364
3.23063 -1.38763
3.23277 -1.41178
3.23493 -1.43622
3.23708 -1.46063
3.23923 -1.48496
3.24137 -1.50957
3.24344 -1.53363
3.24556 -1.55817
3.2477 -1.58295
3.24969 -1.60672
3.25169 -1.63074
3.25367 -1.65421
3.25569 -1.67845
3.25773 -1.70206
3.25991 -1.7264
3.26214 -1.7513
3.2633 -1.76425
3.26533 -1.78716
3.26856 -1.82333
3.27077 -1.84771
3.27293 -1.87171
3.27496 -1.89533
3.27704 -1.91911
3.27917 -1.94333
3.28031 -1.95612
3.2835 -1.99187
3.28562 -2.0161
3.28767 -2.0397
3.28976 -2.06369
3.29191 -2.08813
3.29402 -2.11229
3.29616 -2.13666
3.2982 -2.16074
3.30019 -2.18439
3.30215 -2.20811
3.3042 -2.23246
3.30619 -2.25608
3.30828 -2.28066
3.31032 -2.30451
3.31233 -2.32842
3.31438 -2.35286
3.31635 -2.37712
3.31832 -2.40102
3.32029 -2.42516
3.32225 -2.44903
3.32321 -2.46088
3.3261 -2.49729
3.32798 -2.52176
3.32981 -2.54563
3.33165 -2.56894
3.33356 -2.5924
3.33558 -2.61662
3.33766 -2.64146
3.3397 -2.66585
3.34168 -2.68992
3.34364 -2.71377
3.34558 -2.73755
3.3475 -2.76166
3.3494 -2.78578
3.35127 -2.81
3.35314 -2.83401
3.35498 -2.85792
3.35685 -2.88192
3.35876 -2.90586
3.36061 -2.92968
3.36241 -2.95331
3.36428 -2.97756
3.36616 -3.00158
3.36714 -3.01423
3.36996 -3.04995
3.37191 -3.07429
3.37387 -3.09872
3.37578 -3.12277
3.37716 -3.14033
3.37796 -3.15111
3.37812 -3.15332
3.37812 -3.15332
3.37812 -3.15332
3.37812 -3.15332
3.37812 -3.15332
3.37812 -3.15332
3.37812 -3.15332
3.37812 -3.15332
3.37812 -3.15332
3.37812 -3.15332
3.37812 -3.15332
3.37812 -3.15332
3.37812 -3.15332
3.37812 -3.15332
3.37812 -3.15332
3.37812 -3.15332
3.37812 -3.15332
3.37812 -3.15332
3.37812 -3.15332
3.37812 -3.15332
3.37812 -3.15332
3.37812 -3.15332
3.37812 -3.15332
3.37812 -3.15332
3.37812 -3.15332
3.37812 -3.15332
3.37812 -3.15332
3.37812 -3.15332
3.37812 -3.15332
3.37812 -3.15332
3.37812 -3.15332
3.37812 -3.15332
3.37812 -3.15332
3.37812 -3.15332
3.37812 -3.15332
3.37812 -3.15332
3.37812 -3.15332
3.37812 -3.15332
3.37812 -3.15332
3.37812 -3.15332
3.37812 -3.15332
3.37812 -3.15332
3.37812 -3.15332
3.37812 -3.15332
3.37812 -3.15332
3.37812 -3.15332
3.37812 -3.15332
3.37812 -3.15332
3.37812 -3.15332
3.37812 -3.15332
3.37812 -3.15332
3.37812 -3.15332
3.37812 -3.15332
3.37812 -3.15332
3.37812 -3.15332
3.37812 -3.15332
3.37812 -3.15332
3.37812 -3.15332
3.37812 -3.15332
3.37812 -3.15332
3.37812 -3.15332
3.37812 -3.15332
3.37812 -3.15332
3.37812 -3.15332
3.37812 -3.15332
3.37812 -3.15332
3.37812 -3.15332
3.37812 -3.15332
3.37812 -3.15332
3.37812 -3.15332
3.37812 -3.15332
3.37812 -3.15332
3.37812 -3.15332
3.37812 -3.15332
3.37812 -3.15332
3.37812 -3.15332
3.37812 -3.15332
3.37812 -3.15332
3.37812 -3.15332
3.37812 -3.15332
3.37812 -3.15332
3.37812 -3.15332
3.37812 -3.15332
3.37812 -3.15332
3.37812 -3.15332
3.37812 -3.15332
3.37812 -3.15332
3.37812 -3.15332
3.37812 -3.15332
3.37812 -3.15332
3.37812 -3.15332
3.37812 -3.15332
3.37812 -3.15332
3.37812 -3.15332
3.37812 -3.15332
3.37812 -3.15332
3.37812 -3.15332
3.37812 -3.15332
3.37812 -3.15332
3.37812 -3.15332
3.37812 -3.15332
3.37812 -3.15332
3.37812 -3.15332
3.37812 -3.15332
3.37812 -3.15332
3.37812 -3.15332
3.37812 -3.15332
3.37812 -3.15332
3.37812 -3.15332
3.37812 -3.15332
3.37812 -3.15332
3.37812 -3.15332
3.37812 -3.15332
3.37812 -3.15332
3.37812 -3.15332
3.37812 -3.15332
3.37812 -3.15332
3.37812 -3.15332
3.37812 -3.15332
3.37812 -3.15332
3.37812 -3.15332
3.37812 -3.15332
3.37812 -3.15332
3.37812 -3.15332
3.37812 -3.15332
3.37812 -3.15332
3.37812 -3.15332
3.37812 -3.15332
3.37812 -3.15332
3.37812 -3.15332
3.37812 -3.15332
3.37812 -3.15332
3.37812 -3.15332
3.37812 -3.15332
3.37812 -3.15332
3.37812 -3.15332
3.37812 -3.15332
3.37812 -3.15332
3.37812 -3.15332
3.37812 -3.15332
3.37812 -3.15332
3.37812 -3.15332
3.37812 -3.15332
3.37812 -3.15332
3.37812 -3.15332
3.37812 -3.15332
3.37812 -3.15332
3.37812 -3.15332
3.37812 -3.15332
3.37812 -3.15332
3.37812 -3.15332
3.37812 -3.15332
3.37812 -3.15332
3.37812 -3.15332
3.37812 -3.15332
3.37812 -3.15332
3.37812 -3.15332
3.37812 -3.15332
3.37812 -3.15332
3.37812 -3.15332
3.37812 -3.15332
3.37812 -3.15332
3.37812 -3.15332
3.37812 -3.15332
3.37812 -3.15332
3.37812 -3.15332
3.37812 -3.15332
3.37812 -3.15332
3.37812 -3.15332
3.37812 -3.15332
3.37812 -3.15332
3.37812 -3.15332
3.37812 -3.15332
3.37812 -3.15332
3.37812 -3.15332
3.37812 -3.15332
3.37812 -3.15332
3.37812 -3.15332
3.37812 -3.15332
3.37812 -3.15332
3.37812 -3.15332
3.37812 -3.15332
3.37812 -3.15332
3.37812 -3.15332
3.37812 -3.15332
3.37812 -3.15332
3.37812 -3.15332
3.37812 -3.15332
3.37812 -3.15332
3.37812 -3.15332
3.37812 -3.15332
3.37812 -3.15332
3.37812 -3.15332
3.37812 -3.15332
3.37812 -3.15332
3.37812 -3.15332
3.37812 -3.15332
3.37812 -3.15332
3.37812 -3.15332
3.37812 -3.15332
3.37812 -3.15332
3.37812 -3.15332
3.37812 -3.15332
3.37812 -3.15332
3.37812 -3.15332
3.37812 -3.15332
3.37812 -3.15332
3.37812 -3.15332
3.37812 -3.15332
3.37812 -3.15332
3.37812 -3.15332
3.37812 -3.15332
3.37812 -3.15332
3.37812 -3.15332
3.37812 -3.15332
3.37812 -3.15332
3.37812 -3.15332
3.37812 -3.15332
3.37812 -3.15332
3.37812 -3.15332
3.37812 -3.15332
3.37812 -3.15332
3.37812 -3.15332
3.37812 -3.15332
3.37812 -3.15332
3.37812 -3.15332
3.37812 -3.15332
3.37812 -3.15332
3.37812 -3.15332
3.37812 -3.15332
3.37812 -3.15332
3.37812 -3.15332
3.37812 -3.15332
3.37812 -3.15332
3.37812 -3.15332
3.37812 -3.15332
3.37812 -3.15332
3.37812 -3.15332
3.37812 -3.15332
3.37812 -3.15332
3.37812 -3.15332
3.37812 -3.15332
3.37812 -3.15332
3.37812 -3.15332
3.37812 -3.15332
3.37812 -3.15332
3.37812 -3.15332
3.37812 -3.15332
3.37812 -3.15332
3.37812 -3.15332
3.37812 -3.15332
3.37812 -3.15332
3.37812 -3.15332
3.37812 -3.15332
3.37812 -3.15332
3.37812 -3.15332
3.37812 -3.15332
3.37812 -3.15332
3.37812 -3.15332
3.37812 -3.15332
3.37812 -3.15332
3.37812 -3.15332
3.37812 -3.15332
3.37812 -3.15332
3.37812 -3.15332
3.37812 -3.15332
3.37812 -3.15332
3.37812 -3.15332
3.37812 -3.15332
3.37812 -3.15332
3.37812 -3.15332
3.37812 -3.15332
3.37812 -3.15332
3.37812 -3.15332
3.37812 -3.15332
3.37812 -3.15332
3.37812 -3.15332
3.37812 -3.15332
3.37812 -3.15332
3.37812 -3.15332
3.37812 -3.15332
3.37812 -3.15332
3.37812 -3.15332
3.37812 -3.15332
3.37812 -3.15332
3.37812 -3.15332
3.37812 -3.15332
3.37812 -3.15332
3.37812 -3.15332
3.37812 -3.15332
3.37812 -3.15332
3.37812 -3.15332
3.37812 -3.15332
3.37812 -3.15332
3.37812 -3.15332
3.37812 -3.15332
3.37812 -3.15332
3.37812 -3.15332
3.37812 -3.15332
3.37812 -3.15332
3.37812 -3.15332
3.37812 -3.15332
3.37812 -3.15332
3.37812 -3.15332
3.37812 -3.15332
3.37812 -3.15332
3.37812 -3.15332
3.37812 -3.15332
3.37812 -3.15332
3.37812 -3.15332
3.37812 -3.15332
3.37812 -3.15332
3.37812 -3.15332
3.37812 -3.15332
3.37812 -3.15332
3.37812 -3.15332
3.37812 -3.15332
3.37812 -3.15332
3.37812 -3.15332
3.37812 -3.15332
3.37812 -3.15332
3.37812 -3.15332
3.37812 -3.15332
3.37812 -3.15332
3.37812 -3.15332
3.37812 -3.15332
3.37812 -3.15332
3.37812 -3.15332
3.37812 -3.15332
3.37812 -3.15332
3.37812 -3.15332
3.37812 -3.15332
3.37812 -3.15332
3.37812 -3.15332
3.37812 -3.15332
3.37812 -3.15332
3.37812 -3.15332
3.37812 -3.15332
3.37812 -3.15332
3.37812 -3.15332
3.37812 -3.15332
3.37812 -3.15332
3.37812 -3.15332
3.37812 -3.15332
3.37812 -3.15332
3.37812 -3.15332
3.37812 -3.15332
3.37812 -3.15332
3.37812 -3.15332
3.37812 -3.15332
3.37812 -3.15332
3.37812 -3.15332
3.37812 -3.15332
3.37812 -3.15332
3.37812 -3.15332
3.37812 -3.15332
3.37812 -3.15332
3.37812 -3.15332
3.37812 -3.15332
3.37812 -3.15332
3.37812 -3.15332
3.37812 -3.15332
3.37812 -3.15332
3.37812 -3.15332
3.37812 -3.15332
3.37812 -3.15332
3.37812 -3.15332
3.37812 -3.15332
3.37812 -3.15332
3.37812 -3.15332
3.37812 -3.15332
3.37812 -3.15332
3.37812 -3.15332
3.37812 -3.15332
3.37812 -3.15332
3.37812 -3.15332
3.37812 -3.15332
3.37812 -3.15332
3.37812 -3.15332
3.37812 -3.15332
3.37812 -3.15332
3.37812 -3.15332
3.37812 -3.15332
3.37812 -3.15332
3.37812 -3.15332
3.37812 -3.15332
3.37812 -3.15332
3.37812 -3.15332
3.37812 -3.15332
3.37812 -3.15332
3.37812 -3.15332
3.37812 -3.15332
3.37812 -3.15332
3.37812 -3.15332
3.37812 -3.15332
3.37812 -3.15332
3.37812 -3.15332
3.37812 -3.15332
3.37812 -3.15332
3.37812 -3.15332
3.37812 -3.15332
3.37812 -3.15332
3.37812 -3.15332
3.37812 -3.15332
3.37812 -3.15332
3.37812 -3.15332
3.37812 -3.15332
3.37812 -3.15332
3.37812 -3.15332
3.37812 -3.15332
3.37812 -3.15332
3.37812 -3.15332
3.37812 -3.15332
3.37812 -3.15332
3.37812 -3.15332
3.37812 -3.15332
3.37812 -3.15332
3.37812 -3.15332
3.37812 -3.15332
3.37812 -3.15332
3.37812 -3.15332
3.37812 -3.15332
3.37812 -3.15332
3.37812 -3.15332
3.37812 -3.15332
3.37812 -3.15332
3.37812 -3.15332
3.37812 -3.15332
3.37812 -3.15332
3.37812 -3.15332
3.37812 -3.15332
3.37812 -3.15332
3.37812 -3.15332
3.37812 -3.15332
3.37812 -3.15332
3.37812 -3.15332
3.37812 -3.15332
3.37812 -3.15332
3.37812 -3.15332
3.37812 -3.15332
3.37812 -3.15332
3.37812 -3.15332
3.37812 -3.15332
3.37812 -3.15332
3.37812 -3.15332
3.37812 -3.15332
3.37812 -3.15332
3.37812 -3.15332
3.37812 -3.15332
3.37812 -3.15332
3.37812 -3.15332
3.37812 -3.15332
3.37812 -3.15332
3.37812 -3.15332
3.37812 -3.15332
3.37812 -3.15332
3.37812 -3.15332
3.37812 -3.15332
3.37812 -3.15332
3.37812 -3.15332
3.37812 -3.15332
3.37812 -3.15332
3.37812 -3.15332
3.37812 -3.15332
3.37812 -3.15332
3.37812 -3.15332
3.37812 -3.15332
3.37812 -3.15332
3.37812 -3.15332
3.37812 -3.15332
3.37812 -3.15332
3.37812 -3.15332
3.37812 -3.15332
3.37812 -3.15332
3.37812 -3.15332
3.37812 -3.15332
3.37812 -3.15332
3.37812 -3.15332
3.37812 -3.15332
3.37812 -3.15332
3.37812 -3.15332
3.37812 -3.15332
3.37812 -3.15332
3.37812 -3.15332
3.37812 -3.15332
3.37812 -3.15332
3.37812 -3.15332
3.37812 -3.15332
3.37812 -3.15332
3.37811 -3.15317
3.37806 -3.15258
3.37806 -3.15258
3.37809 -3.15279
3.37818 -3.15329
3.37818 -3.15329
3.37815 -3.1532
3.3782 -3.15334
3.37816 -3.15325
3.37816 -3.15324
3.37826 -3.15343
3.37857 -3.15395
3.37854 -3.15391
3.37854 -3.15391
3.37854 -3.15391
3.37854 -3.15391
3.37854 -3.15391
3.37839 -3.15377
3.37822 -3.15365
3.37806 -3.15352
3.37806 -3.15352
3.37806 -3.15352
3.37805 -3.15352
3.37785 -3.15343
3.37785 -3.15343
3.37816 -3.15353
3.37842 -3.1536
3.37882 -3.15368
3.37882 -3.15368
3.37853 -3.15366
3.37817 -3.15364
3.37806 -3.15364
3.37834 -3.15363
3.37874 -3.15358
3.37874 -3.15358
3.37874 -3.15358
3.37835 -3.15369
3.37845 -3.15365
3.37883 -3.1535
3.37885 -3.15349
3.37898 -3.15342
3.37886 -3.15349
3.37886 -3.15349
3.37896 -3.15341
3.37865 -3.15368
3.3788 -3.15354
3.37894 -3.15339
3.37867 -3.15369
3.37879 -3.15353
3.37879 -3.15353
3.37858 -3.15388
3.37858 -3.15388
3.37849 -3.15406
3.37849 -3.15406
3.37849 -3.15406
3.37849 -3.15406
3.37839 -3.15445
3.37834 -3.15469
3.37837 -3.15449
3.37834 -3.1549
3.37833 -3.1551
3.37834 -3.15516
3.37831 -3.1548
3.37832 -3.15484
3.37832 -3.15489
3.37831 -3.15479
3.37831 -3.15479
3.37831 -3.15479
3.37831 -3.15479
3.37832 -3.15486
3.37829 -3.15466
3.37828 -3.15461
3.3783 -3.15481
3.37829 -3.15481
3.37829 -3.15493
3.37829 -3.15493
3.37826 -3.15524
3.3782 -3.15564
3.3782 -3.15564
3.37822 -3.15552
3.37816 -3.15577
3.37821 -3.15557
3.37813 -3.15597
3.37805 -3.15637
3.37805 -3.15637
3.37807 -3.15616
3.37811 -3.15555
3.37813 -3.15514
3.37813 -3.15514
3.37813 -3.15514
3.37813 -3.15514
3.37813 -3.15514
3.37813 -3.15514
3.37813 -3.15514
3.37813 -3.15514
3.37813 -3.15514
3.37813 -3.15514
3.37813 -3.15514
3.37813 -3.15514
3.37813 -3.15514
3.37813 -3.15514
3.37813 -3.15514
3.37813 -3.15514
3.37813 -3.15514
3.37813 -3.15514
3.37813 -3.15514
3.37813 -3.15514
3.37813 -3.15514
3.37813 -3.15514
3.37813 -3.15514
3.37813 -3.15514
3.37813 -3.15514
3.37813 -3.15514
3.37813 -3.15514
3.37813 -3.15514
3.37813 -3.15514
3.37813 -3.15514
3.37813 -3.15514
3.37813 -3.15514
3.37813 -3.15514
3.37813 -3.15514
3.37813 -3.15514
3.37813 -3.15514
3.37813 -3.15514
3.37813 -3.15514
3.37813 -3.15514
3.37813 -3.15514
3.37813 -3.15514
3.37813 -3.15514
3.37813 -3.15514
3.37813 -3.15514
3.37813 -3.15514
3.37813 -3.15514
3.37813 -3.15514
3.37813 -3.15514
3.37813 -3.15514
3.37813 -3.15514
3.37813 -3.15514
3.37813 -3.15514
3.37813 -3.15514
3.37813 -3.15514
3.37813 -3.15514
3.37813 -3.15514
3.37813 -3.15514
3.37813 -3.15514
3.37813 -3.15514
3.37813 -3.15514
3.37813 -3.15514
3.37813 -3.15514
3.37813 -3.15514
3.37813 -3.15514
3.37813 -3.15514
3.37813 -3.15514
3.37813 -3.15514
3.37813 -3.15514
3.37813 -3.15514
3.37813 -3.15514
3.37813 -3.15514
3.37813 -3.15514
3.37813 -3.15514
3.37813 -3.15514
3.37813 -3.15514
3.37813 -3.15514
3.37813 -3.15514
3.37813 -3.15514
3.37813 -3.15514
3.37813 -3.15514
3.37813 -3.15514
3.37813 -3.15514
3.37813 -3.15514
3.37813 -3.15514
3.37813 -3.15514
3.37813 -3.15514
3.37813 -3.15514
3.37813 -3.15514
3.37813 -3.15514
3.37813 -3.15514
3.37813 -3.15514
3.37813 -3.15514
3.37813 -3.15514
3.37813 -3.15514
3.37813 -3.15514
3.37813 -3.15514
3.37813 -3.15514
3.37813 -3.15514
3.37813 -3.15514
3.37813 -3.15514
3.37813 -3.15514
3.37813 -3.15514
3.37813 -3.15514
3.37813 -3.15514
3.37813 -3.15514
3.37813 -3.15514
3.37813 -3.15514
3.37813 -3.15514
3.37813 -3.15514
3.37813 -3.15514
3.37813 -3.15514
3.37813 -3.15514
3.37813 -3.15514
3.37813 -3.15514
3.37813 -3.15514
3.37813 -3.15514
3.37813 -3.15514
3.37813 -3.15514
3.37813 -3.15514
3.37813 -3.15514
3.37813 -3.15514
3.37813 -3.15514
3.37813 -3.15514
3.37813 -3.15514
3.37813 -3.15514
3.37813 -3.15514
3.37813 -3.15514
3.37813 -3.15514
3.37813 -3.15514
3.37813 -3.15514
3.37813 -3.15514
3.37813 -3.15514
3.37813 -3.15514
3.37813 -3.15514
3.37813 -3.15514
3.37813 -3.15514
3.37813 -3.15514
3.37813 -3.15514
3.37813 -3.15514
3.37813 -3.15514
3.37813 -3.15514
3.37813 -3.15514
3.37813 -3.15514
3.37813 -3.15514
3.37813 -3.15514
3.37813 -3.15514
3.37813 -3.15514
3.37813 -3.15514
3.37813 -3.15514
3.37813 -3.15514
3.37813 -3.15514
3.37814 -3.15485
3.37834 -3.15117
3.379 -3.14103
3.38132 -3.10443
3.38291 -3.0785
3.38431 -3.05474
3.38567 -3.03082
3.38703 -3.00656
3.38831 -2.98262
3.38953 -2.95848
3.39071 -2.93416
3.39186 -2.9097
3.3929 -2.88563
3.39393 -2.8621
3.39497 -2.83815
3.39602 -2.81377
3.39708 -2.78937
3.39816 -2.76526
3.39918 -2.74125
3.4002 -2.7171
3.40122 -2.69286
3.40226 -2.66869
3.40328 -2.64486
3.40435 -2.62092
3.40542 -2.59726
3.40649 -2.57339
3.40753 -2.54896
3.40853 -2.52482
3.40951 -2.50066
3.41047 -2.47622
3.41143 -2.45183
3.41246 -2.4272
3.41348 -2.40354
3.41452 -2.3797
3.41564 -2.35604
3.41678 -2.33217
3.41787 -2.3081
3.41892 -2.28382
3.42001 -2.25928
3.42107 -2.2349
3.4221 -2.21018
3.42312 -2.18567
3.42413 -2.16171
3.42515 -2.1375
3.42611 -2.11351
3.42711 -2.08937
3.42813 -2.06535
3.42916 -2.04128
3.43013 -2.01681
3.43108 -1.99289
3.43204 -1.96877
3.43301 -1.944
3.43392 -1.91963
3.43477 -1.89566
3.43569 -1.86996
3.43652 -1.84717
3.43741 -1.82288
3.43828 -1.79882
3.43911 -1.77479
3.43989 -1.75042
3.44067 -1.72579
3.44145 -1.70115
3.44225 -1.67698
3.44302 -1.6528
3.44375 -1.62874
3.44453 -1.60434
3.44535 -1.58015
3.44617 -1.55625
3.447 -1.53221
3.4478 -1.50796
3.44856 -1.48325
3.44929 -1.45924
3.44968 -1.44678
3.45072 -1.41088
3.45139 -1.38649
3.45207 -1.36233
3.45283 -1.33796
3.45325 -1.32466
3.45437 -1.28915
3.45476 -1.27688
3.45596 -1.24108
3.45678 -1.21698
3.45765 -1.19285
3.45856 -1.16869
3.4595 -1.14471
3.46044 -1.12088
3.46129 -1.09706
3.46209 -1.07305
3.46288 -1.04891
3.46365 -1.02475
3.46444 -1.00006
3.46525 -0.975862
3.46605 -0.950971
3.4668 -0.926626
3.46763 -0.903131
3.46867 -0.876945
3.4696 -0.854328
3.47059 -0.830264
3.47158 -0.805898
3.47262 -0.781749
3.4733 -0.766794
3.47484 -0.733215
3.47592 -0.709649
3.47702 -0.685411
3.47805 -0.661045
3.47908 -0.636609
3.48015 -0.612219
3.48051 -0.604144
3.48057 -0.602883
3.48057 -0.602883
3.48057 -0.602883
3.48057 -0.602883
3.48057 -0.602883
3.48057 -0.602883
3.48057 -0.602883
3.48057 -0.602883
3.48057 -0.602883
3.48057 -0.602883
3.48057 -0.602883
3.48057 -0.602883
3.48057 -0.602883
3.48057 -0.602883
3.48057 -0.602883
3.48057 -0.602883
3.48057 -0.602883
3.48057 -0.602883
3.48057 -0.602883
3.48057 -0.602883
3.48057 -0.602883
3.48057 -0.602883
3.48057 -0.602883
3.48057 -0.602883
3.48057 -0.602883
3.48057 -0.602883
3.48057 -0.602883
3.48057 -0.602883
3.48057 -0.602883
3.48057 -0.602883
3.48057 -0.602883
3.48057 -0.602883
3.48057 -0.602883
3.48057 -0.602883
3.48057 -0.602883
3.48057 -0.602883
3.48057 -0.602883
3.48057 -0.602883
3.48057 -0.602883
3.48057 -0.602883
3.48057 -0.602883
3.48057 -0.602883
3.48057 -0.602883
3.48057 -0.602883
3.48057 -0.602883
3.48057 -0.602883
3.48057 -0.602883
3.48057 -0.602883
3.48057 -0.602883
3.48057 -0.602883
3.48057 -0.602883
3.48057 -0.602883
3.48057 -0.602883
3.48057 -0.602883
3.48057 -0.602883
3.48057 -0.602883
3.48057 -0.602883
3.48057 -0.602883
3.48057 -0.602883
3.48057 -0.602883
3.48057 -0.602883
3.48057 -0.602883
3.48057 -0.602883
3.48057 -0.602883
3.48057 -0.602883
3.48057 -0.602883
3.48057 -0.602883
3.48057 -0.602883
3.48057 -0.602883
3.48057 -0.602883
3.48057 -0.602883
3.48057 -0.602883
3.48057 -0.602883
3.48057 -0.602883
3.48057 -0.602883
3.48057 -0.602883
3.48057 -0.602883
3.48057 -0.602883
3.48057 -0.602883
3.48057 -0.602883
3.48057 -0.602883
3.48057 -0.602883
3.48057 -0.602883
3.48057 -0.602883
3.48057 -0.602883
3.48057 -0.602883
3.48057 -0.602883
3.48057 -0.602883
3.48057 -0.602883
3.48057 -0.602883
3.48057 -0.602883
3.48057 -0.602883
3.48057 -0.602883
3.48057 -0.602883
3.48057 -0.602883
3.48057 -0.602883
3.48057 -0.602883
3.48057 -0.602883
3.48057 -0.602883
3.48057 -0.602883
3.48057 -0.602883
3.48057 -0.602883
3.48057 -0.602883
3.48057 -0.602883
3.48057 -0.602883
3.48057 -0.602883
3.48057 -0.602883
3.48057 -0.602883
3.48057 -0.602883
3.48057 -0.602883
3.48057 -0.602883
3.48057 -0.602883
3.48057 -0.602883
3.48057 -0.602883
3.48057 -0.602883
3.48057 -0.602883
3.48057 -0.602883
3.48057 -0.602883
3.48057 -0.602883
3.48057 -0.602883
3.48057 -0.602883
3.48057 -0.602883
3.48057 -0.602883
3.48057 -0.602883
3.48057 -0.602883
3.48057 -0.602883
3.48057 -0.602883
3.48057 -0.602883
3.48057 -0.602883
3.48057 -0.602883
3.48057 -0.602883
3.48057 -0.602883
3.48057 -0.602883
3.48057 -0.602883
3.48057 -0.602883
3.48057 -0.602883
3.48057 -0.602883
3.48057 -0.602883
3.48057 -0.602883
3.48057 -0.602883
3.48057 -0.602883
3.48057 -0.602883
3.48057 -0.602883
3.48057 -0.602883
3.48057 -0.602883
3.48057 -0.602883
3.48057 -0.602883
3.48057 -0.602883
3.48057 -0.602883
3.48057 -0.602883
3.48057 -0.602883
3.48057 -0.602883
3.48057 -0.602883
3.48057 -0.602883
3.48057 -0.602883
3.48057 -0.602883
3.48057 -0.602883
3.48057 -0.602883
3.48057 -0.602883
3.48057 -0.602883
3.48057 -0.602883
3.48057 -0.602883
3.48057 -0.602883
3.48057 -0.602883
3.48057 -0.602883
3.48057 -0.602883
3.48057 -0.602883
3.48057 -0.602883
3.48057 -0.602883
3.48057 -0.602883
3.48057 -0.602883
3.48057 -0.602883
3.48057 -0.602883
3.48057 -0.602883
3.48057 -0.602883
3.48057 -0.602883
3.48057 -0.602883
3.48057 -0.602883
3.48057 -0.602883
3.48057 -0.602883
3.48057 -0.602883
3.48057 -0.602883
3.48057 -0.602883
3.48057 -0.602883
3.48057 -0.602883
3.48057 -0.602883
3.48057 -0.602883
3.48057 -0.602883
3.48057 -0.602883
3.48057 -0.602883
3.48057 -0.602883
3.48057 -0.602883
3.48057 -0.602883
3.48057 -0.602883
3.48057 -0.602883
3.48057 -0.602883
3.48057 -0.602883
3.48057 -0.602883
3.48057 -0.602883
3.48057 -0.602883
3.48057 -0.602883
3.48057 -0.602883
3.48057 -0.602883
3.48057 -0.602883
3.48057 -0.602883
3.48057 -0.602883
3.48057 -0.602883
3.48057 -0.602883
3.48057 -0.602883
3.48057 -0.602883
3.48057 -0.602883
3.48057 -0.602883
3.48057 -0.602883
3.48057 -0.602883
3.48057 -0.602883
3.48057 -0.602883
3.48057 -0.602883
3.48057 -0.602883
3.48057 -0.602883
3.48057 -0.602883
3.48057 -0.602883
3.48057 -0.602883
3.48057 -0.602883
3.48057 -0.602883
3.48057 -0.602883
3.48057 -0.602883
3.48057 -0.602883
3.48057 -0.602883
3.48057 -0.602883
3.48057 -0.602883
3.48057 -0.602883
3.48057 -0.602883
3.48057 -0.602883
3.48057 -0.602883
3.48057 -0.602883
3.48057 -0.602883
3.48057 -0.602883
3.48057 -0.602883
3.48057 -0.602883
3.48057 -0.602883
3.48057 -0.602883
3.48057 -0.602883
3.48057 -0.602883
3.48057 -0.602883
3.48057 -0.602883
3.48057 -0.602883
3.48057 -0.602883
3.48057 -0.602883
3.48057 -0.602883
3.48057 -0.602883
3.48057 -0.602883
3.48057 -0.602883
3.48057 -0.602883
3.48057 -0.602883
3.48057 -0.602883
3.48057 -0.602883
3.48057 -0.602883
3.48057 -0.602883
3.48057 -0.602883
3.48057 -0.602883
3.48057 -0.602883
3.48057 -0.602883
3.48057 -0.602883
3.48057 -0.602883
3.48057 -0.602883
3.48057 -0.602883
3.48057 -0.602883
3.48057 -0.602883
3.48057 -0.602883
3.48057 -0.602883
3.48057 -0.602883
3.48057 -0.602883
3.48057 -0.602883
3.48057 -0.602883
3.48057 -0.602883
3.48057 -0.602883
3.48057 -0.602883
3.48057 -0.602883
3.48057 -0.602883
3.48057 -0.602883
3.48057 -0.602883
3.48057 -0.602883
3.48057 -0.602883
3.48057 -0.602883
3.48057 -0.602883
3.48057 -0.602883
3.48057 -0.602883
3.48057 -0.602883
3.48057 -0.602883
3.48057 -0.602883
3.48057 -0.602883
3.48057 -0.602883
3.48057 -0.602883
3.48057 -0.602883
3.48057 -0.602883
3.48057 -0.602883
3.48057 -0.602883
3.48057 -0.602883
3.48057 -0.602883
3.48057 -0.602883
3.48057 -0.602883
3.48057 -0.602883
3.48057 -0.602883
3.48057 -0.602883
3.48057 -0.602883
3.48057 -0.602883
3.48057 -0.602883
3.48057 -0.602883
3.48057 -0.602883
3.48057 -0.602883
3.48057 -0.602883
3.48057 -0.602883
3.48057 -0.602883
3.48057 -0.602883
3.48057 -0.602883
3.48057 -0.602883
3.48057 -0.602883
3.48057 -0.602883
3.48057 -0.602883
3.48057 -0.602883
3.48057 -0.602883
3.48057 -0.602883
3.48057 -0.602883
3.48057 -0.602883
3.48057 -0.602883
3.48057 -0.602883
3.48057 -0.602883
3.48057 -0.602883
3.48057 -0.602883
3.48057 -0.602883
3.48057 -0.602883
3.48057 -0.602883
3.48057 -0.602883
3.48057 -0.602883
3.48057 -0.602883
3.48057 -0.602883
3.48057 -0.602883
3.48057 -0.602883
3.48057 -0.602883
3.48057 -0.602883
3.48057 -0.602883
3.48057 -0.602883
3.48057 -0.602883
3.48057 -0.602883
3.48057 -0.602883
3.48057 -0.602883
3.48057 -0.602883
3.48057 -0.602883
3.48057 -0.602883
3.48057 -0.602883
3.48057 -0.602883
3.48057 -0.602883
3.48057 -0.602883
3.48057 -0.602883
3.48057 -0.602883
3.48057 -0.602883
3.48057 -0.602883
3.48057 -0.602883
3.48057 -0.602883
3.48057 -0.602883
3.48057 -0.602883
3.48057 -0.602883
3.48057 -0.602883
3.48057 -0.602883
3.48057 -0.602883
3.48057 -0.602883
3.48057 -0.602883
3.48057 -0.602883
3.48057 -0.602883
3.48057 -0.602883
3.48057 -0.602883
3.48057 -0.602883
3.48057 -0.602883
3.48057 -0.602883
3.48057 -0.602883
3.48057 -0.602883
3.48057 -0.602883
3.48057 -0.602883
3.48057 -0.602883
3.48057 -0.602883
3.48057 -0.602883
3.48057 -0.602883
3.48057 -0.602883
3.48057 -0.602883
3.48057 -0.602883
3.48057 -0.602883
3.48057 -0.602883
3.48057 -0.602883
3.48057 -0.602883
3.48057 -0.602883
3.48057 -0.602883
3.48057 -0.602883
3.48057 -0.602883
3.48057 -0.602883
3.48057 -0.602883
3.48057 -0.602883
3.48057 -0.602883
3.48057 -0.602883
3.48057 -0.602883
3.48057 -0.602883
3.48057 -0.602883
3.48057 -0.602883
3.48057 -0.602883
3.48057 -0.602883
3.48057 -0.602883
3.48057 -0.602883
3.48057 -0.602883
3.48057 -0.602883
3.48057 -0.602883
3.48057 -0.602883
3.48057 -0.602883
3.48057 -0.602883
3.48057 -0.602883
3.48057 -0.602883
3.48057 -0.602883
3.48057 -0.602883
3.48057 -0.602883
3.48057 -0.602883
3.48057 -0.602883
3.48057 -0.602883
3.48057 -0.602883
3.48057 -0.602883
3.48057 -0.602883
3.48057 -0.602883
3.48057 -0.602883
3.48057 -0.602883
3.48057 -0.602883
3.48057 -0.602883
3.48057 -0.602883
3.48057 -0.602883
3.48057 -0.602883
3.48057 -0.602883
3.48057 -0.602883
3.48057 -0.602883
3.48057 -0.602883
3.48057 -0.602883
3.48057 -0.602883
3.48057 -0.602883
3.48057 -0.602883
3.48057 -0.602883
3.48057 -0.602883
3.48057 -0.602883
3.48057 -0.602883
3.48057 -0.602883
3.48057 -0.602883
3.48057 -0.602883
3.48057 -0.602883
3.48057 -0.602883
3.48057 -0.602883
3.48057 -0.602883
3.48057 -0.602883
3.48057 -0.602883
3.48057 -0.602883
3.48057 -0.602883
3.48057 -0.602883
3.48057 -0.602883
3.48057 -0.602883
3.48057 -0.602883
3.48057 -0.602883
3.48057 -0.602883
3.48057 -0.602883
3.48057 -0.602883
3.48057 -0.602883
3.48057 -0.602883
3.48057 -0.602883
3.48057 -0.602883
3.48057 -0.602883
3.48057 -0.602883
3.48057 -0.602883
3.48057 -0.602883
3.48057 -0.602883
3.48057 -0.602883
3.48057 -0.602883
3.48057 -0.602883
3.48057 -0.602883
3.48057 -0.602883
3.48057 -0.602883
3.48057 -0.602883
3.48057 -0.602883
3.48057 -0.602883
3.48057 -0.602883
3.48056 -0.603101
3.48055 -0.603304
3.48056 -0.602913
3.48057 -0.603119
3.48057 -0.603155
3.48057 -0.603103
3.48057 -0.603104
3.48052 -0.602885
3.48043 -0.602591
3.48043 -0.602591
3.48043 -0.602588
3.48053 -0.602792
3.48055 -0.602831
3.48062 -0.602949
3.48062 -0.602949
3.4805 -0.602784
3.48037 -0.602624
3.48037 -0.602622
3.48052 -0.602761
3.48065 -0.602879
3.48081 -0.603008
3.48115 -0.603246
3.48063 -0.602923
3.48075 -0.602992
3.48062 -0.602931
3.48044 -0.602853
3.48044 -0.602848
3.48053 -0.60288
3.48063 -0.602904
3.4805 -0.602879
3.48029 -0.602846
3.48009 -0.602824
3.47968 -0.602813
3.47948 -0.602817
3.4793 -0.602828
3.47941 -0.602812
3.47949 -0.6028
3.47909 -0.602888
3.47909 -0.602888
3.47929 -0.602824
3.47929 -0.602824
3.4791 -0.602909
3.4791 -0.602907
3.47911 -0.602907
3.47901 -0.60297
3.47917 -0.602845
3.47908 -0.60291
3.47903 -0.602955
3.47905 -0.602933
3.47923 -0.602744
3.47923 -0.602745
3.47923 -0.602745
3.47923 -0.602745
3.47913 -0.602924
3.47931 -0.602563
3.47926 -0.602679
3.47949 -0.602114
3.47949 -0.602113
3.47949 -0.602114
3.47955 -0.601921
3.47955 -0.601921
3.47955 -0.601921
3.47955 -0.601921
3.47942 -0.602311
3.47931 -0.602696
3.47942 -0.602267
3.47944 -0.602186
3.47945 -0.602122
3.47945 -0.602121
3.47945 -0.602121
3.47944 -0.602189
3.47944 -0.602189
3.47944 -0.602189
3.47944 -0.602189
3.47944 -0.602189
3.47944 -0.602189
3.47944 -0.602189
3.47944 -0.602189
3.47944 -0.602189
3.47944 -0.602189
3.47944 -0.602189
3.47944 -0.602189
3.47944 -0.602189
3.47944 -0.602189
3.47944 -0.602189
3.47944 -0.602189
3.47944 -0.602189
3.47944 -0.602189
3.47944 -0.602189
3.47944 -0.602189
3.47944 -0.602189
3.47944 -0.602189
3.47944 -0.602189
3.47944 -0.602189
3.47944 -0.602189
3.47944 -0.602189
3.47944 -0.602189
3.47944 -0.602189
3.47944 -0.602189
3.47944 -0.602189
3.47944 -0.602189
3.47944 -0.602189
3.47944 -0.602189
3.47944 -0.602189
3.47944 -0.602189
3.47944 -0.602189
3.47944 -0.602189
3.47944 -0.602189
3.47944 -0.602189
3.47944 -0.602189
3.47944 -0.602189
3.47944 -0.602189
3.47944 -0.602189
3.47944 -0.602189
3.47944 -0.602189
3.47944 -0.602189
3.47944 -0.602189
3.47944 -0.602189
3.47944 -0.602189
3.47944 -0.602189
3.47944 -0.602189
3.47944 -0.602189
3.47944 -0.602189
3.47944 -0.602189
3.47944 -0.602189
3.47944 -0.602189
3.47944 -0.602189
3.47944 -0.602189
3.47944 -0.602189
3.47944 -0.602189
3.47944 -0.602189
3.47944 -0.602189
3.47944 -0.602189
3.47944 -0.602189
3.47944 -0.602189
3.47944 -0.602189
3.47944 -0.602189
3.47944 -0.602189
3.47944 -0.602189
3.47944 -0.602189
3.47944 -0.602189
3.47944 -0.602189
3.47944 -0.602189
3.47944 -0.602189
3.47944 -0.602189
3.47944 -0.602189
3.47944 -0.602189
3.47944 -0.602189
3.47944 -0.602189
3.47944 -0.602189
3.47944 -0.602189
3.47944 -0.602189
3.47944 -0.602189
3.47944 -0.602189
3.47944 -0.602189
3.47944 -0.602189
3.47944 -0.602189
3.47944 -0.602189
3.47944 -0.602189
3.47944 -0.602189
3.47944 -0.602189
3.47944 -0.602189
3.47944 -0.602189
3.47944 -0.602189
3.47944 -0.602189
3.47944 -0.602189
3.47944 -0.602189
3.47944 -0.602189
3.47944 -0.602189
3.47944 -0.602189
3.47884 -0.606767
3.47732 -0.61718
3.47432 -0.637863
3.47105 -0.660842
3.46764 -0.684738
3.46427 -0.708448
3.46085 -0.732673
3.45748 -0.756588
3.45417 -0.780124
3.45082 -0.804139
3.44744 -0.828316
3.44404 -0.852687
3.44071 -0.876525
3.4374 -0.900535
3.43397 -0.925143
3.43047 -0.949798
3.42708 -0.973854
3.42378 -0.997267
3.4204 -1.02119
3.41705 -1.04507
3.41361 -1.06941
3.41034 -1.093
3.40699 -1.11695
3.40345 -1.1417
3.4 -1.16577
3.39656 -1.18986
3.39315 -1.21331
3.38959 -1.23777
3.38608 -1.26216
3.38264 -1.28604
3.37936 -1.30904
3.37584 -1.33333
3.37228 -1.35775
3.36879 -1.38184
3.36535 -1.40569
3.36186 -1.42933
3.35815 -1.4537
3.35446 -1.4779
3.35087 -1.50152
3.34734 -1.52503
3.3437 -1.54933
3.34016 -1.57312
3.33663 -1.59694
3.33331 -1.61955
3.32983 -1.6433
3.32628 -1.66766
3.32275 -1.69191
3.31924 -1.71596
3.3157 -1.7398
3.31197 -1.7641
3.30825 -1.78818
3.3046 -1.81209
3.30099 -1.83573
3.29716 -1.86036
3.29336 -1.88456
3.28965 -1.90829
3.28587 -1.93282
3.28219 -1.95663
3.27842 -1.98094
3.27475 -2.00448
3.27256 -2.01846
3.26727 -2.05214
3.26347 -2.07643
3.25975 -2.10046
3.25616 -2.12394
3.25267 -2.14748
3.24912 -2.17171
3.24562 -2.19583
3.24226 -2.21903
3.23886 -2.24249
3.23532 -2.26652
3.23172 -2.29119
3.2283 -2.31489
3.22497 -2.33828
3.22157 -2.36244
3.21821 -2.38664
3.21503 -2.41042
3.2119 -2.43387
3.20865 -2.45792
3.2053 -2.48271
3.20204 -2.50676
3.19882 -2.53037
3.19704 -2.54335
3.19207 -2.58005
3.19052 -2.59179
3.18598 -2.62629
3.18288 -2.65002
3.17974 -2.67424
3.17657 -2.69857
3.17342 -2.72259
3.1703 -2.74608
3.16703 -2.76983
3.1637 -2.79372
3.16035 -2.81751
3.15694 -2.84171
3.15357 -2.86578
3.15023 -2.88988
3.14689 -2.91399
3.14362 -2.93806
3.1404 -2.96223
3.13718 -2.98659
3.13401 -3.01068
3.13085 -3.03469
3.12891 -3.04956
3.12864 -3.05159
3.12864 -3.05159
3.12864 -3.05159
3.12864 -3.05159
3.12864 -3.05159
3.12864 -3.05159
3.12864 -3.05159
3.12864 -3.05159
3.12864 -3.05159
3.12864 -3.05159
3.12864 -3.05159
3.12864 -3.05159
3.12864 -3.05159
3.12864 -3.05159
3.12864 -3.05159
3.12864 -3.05159
3.12864 -3.05159
3.12864 -3.05159
3.12864 -3.05159
3.12864 -3.05159
3.12864 -3.05159
3.12864 -3.05159
3.12864 -3.05159
3.12864 -3.05159
3.12864 -3.05159
3.12864 -3.05159
3.12864 -3.05159
3.12864 -3.05159
3.12864 -3.05159
3.12864 -3.05159
3.12864 -3.05159
3.12864 -3.05159
3.12864 -3.05159
3.12864 -3.05159
3.12864 -3.05159
3.12864 -3.05159
3.12864 -3.05159
3.12795 -3.05687
3.12708 -3.06334
3.12491 -3.0791
3.12124 -3.1055
3.11793 -3.12914
3.11551 -3.14627
3.11433 -3.15474
3.11431 -3.15485
3.11431 -3.15485
3.11431 -3.15485
3.11431 -3.15485
3.11431 -3.15485
3.11431 -3.15485
3.11431 -3.15485
3.11431 -3.15485
3.11431 -3.15485
3.11431 -3.15485
3.11431 -3.15485
3.11431 -3.15485
3.11431 -3.15485
3.11431 -3.15485
3.11431 -3.15485
3.11431 -3.15485
3.11431 -3.15485
3.11431 -3.15485
3.11431 -3.15485
3.11431 -3.15485
3.11431 -3.15485
3.11431 -3.15485
3.11431 -3.15485
3.11431 -3.15485
3.11431 -3.15485
3.11431 -3.15485
3.11431 -3.15485
3.11431 -3.15485
3.11431 -3.15485
3.11431 -3.15485
3.11431 -3.15485
3.11431 -3.15485
3.11431 -3.15485
3.11431 -3.15485
3.11431 -3.15485
3.11431 -3.15485
3.11431 -3.15485
3.11431 -3.15485
3.11431 -3.15485
3.11431 -3.15485
3.11431 -3.15485
3.11431 -3.15485
3.11431 -3.15485
3.11431 -3.15485
3.11431 -3.15485
3.11431 -3.15485
3.11431 -3.15485
3.11431 -3.15485
3.11431 -3.15485
3.11431 -3.15485
3.11431 -3.15485
3.11431 -3.15485
3.11431 -3.15485
3.11431 -3.15485
3.11431 -3.15485
3.11431 -3.15485
3.11431 -3.15485
3.11431 -3.15485
3.11431 -3.15485
3.11431 -3.15485
3.11431 -3.15485
3.11431 -3.15485
3.11431 -3.15485
3.11431 -3.15485
3.11431 -3.15485
3.11431 -3.15485
3.11431 -3.15485
3.11431 -3.15485
3.11431 -3.15485
3.11431 -3.15485
3.11431 -3.15485
3.11431 -3.15485
3.11431 -3.15485
3.11431 -3.15485
3.11431 -3.15485
3.11431 -3.15485
3.11431 -3.15485
3.11431 -3.15485
3.11431 -3.15485
3.11431 -3.15485
3.11431 -3.15485
3.11431 -3.15485
3.11431 -3.15485
3.11431 -3.15485
3.11431 -3.15485
3.11431 -3.15485
3.11431 -3.15485
3.11431 -3.15485
3.11431 -3.15485
3.11431 -3.15485
3.11431 -3.15485
3.11431 -3.15485
3.11431 -3.15485
3.11431 -3.15485
3.11431 -3.15485
3.11431 -3.15485
3.11431 -3.15485
3.11431 -3.15485
3.11431 -3.15485
3.11431 -3.15485
3.11431 -3.15485
3.11431 -3.15485
3.11431 -3.15485
3.11431 -3.15485
3.11431 -3.15485
3.11431 -3.15485
3.11431 -3.15485
3.11431 -3.15485
3.11431 -3.15485
3.11431 -3.15485
3.11431 -3.15485
3.11431 -3.15485
3.11431 -3.15485
3.11431 -3.15485
3.11431 -3.15485
3.11431 -3.15485
3.11431 -3.15485
3.11431 -3.15485
3.11431 -3.15485
3.11431 -3.15485
3.11431 -3.15485
3.11431 -3.15485
3.11431 -3.15485
3.11431 -3.15485
3.11431 -3.15485
3.11431 -3.15485
3.11431 -3.15485
3.11431 -3.15485
3.11431 -3.15485
3.11431 -3.15485
3.11431 -3.15485
3.11431 -3.15485
3.11431 -3.15485
3.11431 -3.15485
3.11431 -3.15485
3.11431 -3.15485
3.11431 -3.15485
3.11431 -3.15485
3.11431 -3.15485
3.11431 -3.15485
3.11431 -3.15485
3.11431 -3.15485
3.11431 -3.15485
3.11431 -3.15485
3.11431 -3.15485
3.11431 -3.15485
3.11431 -3.15485
3.11431 -3.15485
3.11431 -3.15485
3.11431 -3.15485
3.11431 -3.15485
3.11431 -3.15485
3.11431 -3.15485
3.11431 -3.15485
3.11431 -3.15485
3.11431 -3.15485
3.11431 -3.15485
3.11431 -3.15485
3.11431 -3.15485
3.11431 -3.15485
3.11431 -3.15485
3.11431 -3.15485
3.11431 -3.15485
3.11431 -3.15485
3.11431 -3.15485
3.11431 -3.15485
3.11431 -3.15485
3.11431 -3.15485
3.11431 -3.15485
3.11431 -3.15485
3.11431 -3.15485
3.11431 -3.15485
3.11431 -3.15485
3.11431 -3.15485
3.11431 -3.15485
3.11431 -3.15485
3.11431 -3.15485
3.11431 -3.15485
3.11431 -3.15485
3.11431 -3.15485
3.11431 -3.15485
3.11431 -3.15485
3.11431 -3.15485
3.11431 -3.15485
3.11431 -3.15485
3.11431 -3.15485
3.11431 -3.15485
3.11431 -3.15485
3.11431 -3.15485
3.11431 -3.15485
3.11431 -3.15485
3.11431 -3.15485
3.11431 -3.15485
3.11431 -3.15485
3.11431 -3.15485
3.11431 -3.15485
3.11431 -3.15485
3.11431 -3.15485
3.11431 -3.15485
3.11431 -3.15485
3.11431 -3.15485
3.11431 -3.15485
3.11431 -3.15485
3.11431 -3.15485
3.11431 -3.15485
3.11431 -3.15485
3.11431 -3.15485
3.11431 -3.15485
3.11431 -3.15485
3.11431 -3.15485
3.11431 -3.15485
3.11431 -3.15485
3.11431 -3.15485
3.11431 -3.15485
3.11431 -3.15485
3.11431 -3.15485
3.11431 -3.15485
3.11431 -3.15485
3.11431 -3.15485
3.11431 -3.15485
3.11431 -3.15485
3.11431 -3.15485
3.11431 -3.15485
3.11431 -3.15485
3.11431 -3.15485
3.11431 -3.15485
3.11431 -3.15485
3.11431 -3.15485
3.11431 -3.15485
3.11431 -3.15485
3.11431 -3.15485
3.11431 -3.15485
3.11431 -3.15485
3.11431 -3.15485
3.11431 -3.15485
3.11431 -3.15485
3.11431 -3.15485
3.11431 -3.15485
3.11431 -3.15485
3.11431 -3.15485
3.11431 -3.15485
3.11431 -3.15485
3.11431 -3.15485
3.11431 -3.15485
3.11431 -3.15485
3.11431 -3.15485
3.11431 -3.15485
3.11431 -3.15485
3.11431 -3.15485
3.11431 -3.15485
3.11431 -3.15485
3.11431 -3.15485
3.11431 -3.15485
3.11431 -3.15485
3.11431 -3.15485
3.11431 -3.15485
3.11431 -3.15485
3.11431 -3.15485
3.11431 -3.15485
3.11431 -3.15485
3.11431 -3.15485
3.11431 -3.15485
3.11431 -3.15485
3.11431 -3.15485
3.11431 -3.15485
3.11431 -3.15485
3.11431 -3.15485
3.11431 -3.15485
3.11431 -3.15485
3.11431 -3.15485
3.11431 -3.15485
3.11431 -3.15485
3.11431 -3.15485
3.11431 -3.15485
3.11431 -3.15485
3.11431 -3.15485
3.11431 -3.15485
3.11431 -3.15485
3.11431 -3.15485
3.11431 -3.15485
3.11431 -3.15485
3.11431 -3.15485
3.11431 -3.15485
3.11431 -3.15485
3.11431 -3.15485
3.11431 -3.15485
3.11431 -3.15485
3.11431 -3.15485
3.11431 -3.15485
3.11431 -3.15485
3.11431 -3.15485
3.11431 -3.15485
3.11431 -3.15485
3.11431 -3.15485
3.11431 -3.15485
3.11431 -3.15485
3.11431 -3.15485
3.11431 -3.15485
3.11431 -3.15485
3.11431 -3.15485
3.11431 -3.15485
3.11431 -3.15485
3.11431 -3.15485
3.11431 -3.15485
3.11431 -3.15485
3.11431 -3.15485
3.11431 -3.15485
3.11431 -3.15485
3.11431 -3.15485
3.11431 -3.15485
3.11431 -3.15485
3.11431 -3.15485
3.11431 -3.15485
3.11431 -3.15485
3.11431 -3.15485
3.11431 -3.15485
3.11431 -3.15485
3.11431 -3.15485
3.11431 -3.15485
3.11431 -3.15485
3.11431 -3.15485
3.11431 -3.15485
3.11431 -3.15485
3.11431 -3.15485
3.11431 -3.15485
3.11431 -3.15485
3.11431 -3.15485
3.11431 -3.15485
3.11431 -3.15485
3.11431 -3.15485
3.11431 -3.15485
3.11431 -3.15485
3.11431 -3.15485
3.11431 -3.15485
3.11431 -3.15485
3.11431 -3.15485
3.11431 -3.15485
3.11431 -3.15485
3.11431 -3.15485
3.11431 -3.15485
3.11431 -3.15485
3.11431 -3.15485
3.11431 -3.15485
3.11431 -3.15485
3.11431 -3.15485
3.11431 -3.15485
3.11431 -3.15485
3.11431 -3.15485
3.11431 -3.15485
3.11431 -3.15485
3.11431 -3.15485
3.11431 -3.15485
3.11431 -3.15485
3.11431 -3.15485
3.11431 -3.15485
3.11431 -3.15485
3.11431 -3.15485
3.11431 -3.15485
3.11431 -3.15485
3.11431 -3.15485
3.11431 -3.15485
3.11431 -3.15485
3.11431 -3.15485
3.11431 -3.15485
3.11431 -3.15485
3.11431 -3.15485
3.11431 -3.15485
3.11431 -3.15485
3.11431 -3.15485
3.11431 -3.15485
3.11431 -3.15485
3.11431 -3.15485
3.11431 -3.15485
3.11431 -3.15485
3.11431 -3.15485
3.11431 -3.15485
3.11431 -3.15485
3.11431 -3.15485
3.11431 -3.15485
3.11431 -3.15485
3.11431 -3.15485
3.11431 -3.15485
3.11431 -3.15485
3.11431 -3.15485
3.11431 -3.15485
3.11431 -3.15485
3.11431 -3.15485
3.11431 -3.15485
3.11431 -3.15485
3.11431 -3.15485
3.11431 -3.15485
3.11431 -3.15485
3.11431 -3.15485
3.11431 -3.15485
3.11431 -3.15485
3.11431 -3.15485
3.11431 -3.15485
3.11431 -3.15485
3.11431 -3.15485
3.11431 -3.15485
3.11431 -3.15485
3.11431 -3.15485
3.11431 -3.15485
3.11431 -3.15485
3.11431 -3.15485
3.11431 -3.15485
3.11431 -3.15485
3.11431 -3.15485
3.11431 -3.15485
3.11431 -3.15485
3.11431 -3.15485
3.11431 -3.15485
3.11431 -3.15485
3.11431 -3.15485
3.11431 -3.15485
3.11431 -3.15485
3.11431 -3.15485
3.11431 -3.15485
3.11431 -3.15485
3.11431 -3.15485
3.11431 -3.15485
3.11431 -3.15485
3.11431 -3.15485
3.11431 -3.15485
3.11431 -3.15485
3.11431 -3.15485
3.11431 -3.15485
3.11431 -3.15485
3.11431 -3.15485
3.11431 -3.15485
3.11431 -3.15485
3.11431 -3.15485
3.11431 -3.15485
3.11431 -3.15485
3.11431 -3.15485
3.11431 -3.15485
3.11431 -3.15485
3.11431 -3.15485
3.11431 -3.15485
3.11431 -3.15485
3.11431 -3.15485
3.11431 -3.15485
3.11431 -3.15485
3.11431 -3.15485
3.11431 -3.15485
3.11431 -3.15485
3.11431 -3.15485
3.11431 -3.15485
3.11431 -3.15485
3.11431 -3.15485
3.11431 -3.15485
3.11431 -3.15485
3.11431 -3.15485
3.11431 -3.15485
3.11431 -3.15485
3.11431 -3.15485
3.11431 -3.15485
3.11431 -3.15485
3.11431 -3.15485
3.11431 -3.15485
3.11431 -3.15485
3.11431 -3.15485
3.11431 -3.15485
3.11431 -3.15485
3.11431 -3.15485
3.11431 -3.15485
3.11431 -3.15485
3.11431 -3.15485
3.11431 -3.15485
3.11431 -3.15485
3.11431 -3.15485
3.11431 -3.15485
3.11431 -3.15485
3.11431 -3.15485
3.11431 -3.15485
3.11431 -3.15485
3.11431 -3.15485
3.11431 -3.15485
3.11431 -3.15485
3.11431 -3.15485
3.11431 -3.15485
3.11431 -3.15485
3.11431 -3.15485
3.11431 -3.15485
3.11431 -3.15485
3.11431 -3.15485
3.11431 -3.15485
3.11431 -3.15485
3.11431 -3.15485
3.11431 -3.15485
3.11431 -3.15485
3.11431 -3.15485
3.11431 -3.15485
3.11431 -3.15485
3.11431 -3.15485
3.11431 -3.15485
3.11431 -3.15485
3.11431 -3.15485
3.11431 -3.15485
3.11431 -3.15485
3.11431 -3.15485
3.11431 -3.15485
3.11431 -3.15485
3.11431 -3.15485
3.11431 -3.15485
3.11431 -3.15485
3.11431 -3.15485
3.11431 -3.15485
3.11431 -3.15485
3.11431 -3.15485
3.11431 -3.15485
3.11431 -3.15485
3.11431 -3.15485
3.11431 -3.15485
3.11431 -3.15485
3.11431 -3.15485
3.11431 -3.15485
3.11431 -3.15485
3.11431 -3.15485
3.11431 -3.15485
3.11431 -3.15485
3.11431 -3.15485
3.11431 -3.15485
3.11431 -3.15485
3.11431 -3.15485
3.11431 -3.15485
3.11431 -3.15485
3.11431 -3.15485
3.11431 -3.15485
3.11431 -3.15485
3.11431 -3.15485
3.11431 -3.15485
3.11431 -3.15485
3.11431 -3.15485
3.11431 -3.15485
3.11431 -3.15485
3.11431 -3.15485
3.11431 -3.15485
3.11431 -3.15485
3.11431 -3.15485
3.11431 -3.15485
3.11431 -3.15485
3.11431 -3.15485
3.11431 -3.15485
3.11431 -3.15485
3.11431 -3.15485
3.11431 -3.15485
3.11431 -3.15485
3.11431 -3.15485
3.11431 -3.15485
3.11431 -3.15485
3.11431 -3.15485
3.11431 -3.15485
3.11431 -3.15485
3.11431 -3.15485
3.11431 -3.15485
3.11431 -3.15485
3.11431 -3.15485
3.11431 -3.15485
3.11431 -3.15485
3.11431 -3.15485
3.11431 -3.15485
3.11431 -3.15485
3.11431 -3.15485
3.11431 -3.15485
3.11431 -3.15485
3.11431 -3.15485
3.11431 -3.15485
3.11431 -3.15485
3.11431 -3.15485
3.11431 -3.15485
3.11431 -3.15485
3.11431 -3.15485
3.11431 -3.15485
3.11431 -3.15485
3.11431 -3.15485
3.11431 -3.15485
3.11431 -3.15485
3.11431 -3.15485
3.11431 -3.15485
3.11431 -3.15485
3.11431 -3.15485
3.11431 -3.15485
3.11431 -3.15485
3.11431 -3.15485
3.11431 -3.15485
3.11431 -3.15485
3.11431 -3.15485
3.11431 -3.15485
3.11431 -3.15485
3.11431 -3.15485
3.11431 -3.15485
3.11431 -3.15485
3.11431 -3.15485
3.11431 -3.15485
3.11431 -3.15485
3.11431 -3.15485
3.11431 -3.15485
3.11431 -3.15485
3.11431 -3.15485
3.11431 -3.15485
3.11431 -3.15485
3.11431 -3.15485
3.11431 -3.15485
3.11431 -3.15485
3.11431 -3.15485
3.11431 -3.15485
3.11431 -3.15485
3.11431 -3.15485
3.11431 -3.15485
3.11431 -3.15485
3.11431 -3.15485
3.11431 -3.15485
3.11431 -3.15485
3.11431 -3.15485
3.11431 -3.15485
3.11431 -3.15485
3.11431 -3.15485
3.11431 -3.15485
3.11431 -3.15485
3.11431 -3.15485
3.11431 -3.15485
3.11431 -3.15485
3.11431 -3.15485
3.11431 -3.15485
3.11431 -3.15485
3.11431 -3.15485
3.11431 -3.15485
3.11431 -3.15485
3.11431 -3.15485
3.11431 -3.15485
3.11431 -3.15485
3.11431 -3.15485
3.11431 -3.15485
3.11431 -3.15485
3.11431 -3.15485
3.11431 -3.15485
3.11431 -3.15485
3.11431 -3.15485
3.11431 -3.15485
3.11431 -3.15485
3.11431 -3.15485
3.11431 -3.15485
3.11431 -3.15485
3.11431 -3.15485
3.11431 -3.15485
3.11431 -3.15485
3.11431 -3.15485
3.11431 -3.15485
3.11431 -3.15485
3.11431 -3.15485
3.11431 -3.15485
3.11431 -3.15485
3.11431 -3.15485
3.11431 -3.15485
3.11431 -3.15485
3.11431 -3.15485
3.11431 -3.15485
3.11431 -3.15485
3.11431 -3.15485
3.11431 -3.15485
3.11431 -3.15485
3.11431 -3.15485
3.11431 -3.15485
3.11431 -3.15485
3.11431 -3.15485
3.11431 -3.15485
3.11431 -3.15485
3.11431 -3.15485
3.11431 -3.15485
3.11431 -3.15485
3.11431 -3.15485
3.11431 -3.15485
3.11431 -3.15485
3.11431 -3.15485
3.11431 -3.15485
3.11431 -3.15485
3.11431 -3.15485
3.11431 -3.15485
3.11431 -3.15485
3.11431 -3.15485
3.11431 -3.15485
3.11431 -3.15485
3.11431 -3.15485
3.11431 -3.15485
3.11431 -3.15485
3.11431 -3.15485
3.11431 -3.15485
3.11431 -3.15485
3.11431 -3.15485
3.11431 -3.15485
3.11431 -3.15485
3.11431 -3.15485
3.11431 -3.15485
3.11431 -3.15485
3.11431 -3.15485
3.11431 -3.15485
3.11431 -3.15485
3.11431 -3.15485
3.11431 -3.15485
3.11431 -3.15485
3.11431 -3.15485
3.11431 -3.15485
3.11431 -3.15485
3.11431 -3.15485
3.11431 -3.15485
3.11431 -3.15485
3.11431 -3.15485
3.11431 -3.15485
3.11431 -3.15485
3.11431 -3.15485
3.11431 -3.15485
3.11431 -3.15485
3.11431 -3.15485
3.11431 -3.15485
3.11431 -3.15485
3.11431 -3.15485
3.11431 -3.15485
3.11431 -3.15485
3.11431 -3.15485
3.11431 -3.15485
3.11431 -3.15485
3.11431 -3.15485
3.11431 -3.15485
3.11431 -3.15485
3.11431 -3.15485
3.11431 -3.15485
3.11431 -3.15485
3.11431 -3.15485
3.11431 -3.15485
3.11431 -3.15485
3.11431 -3.15485
3.11431 -3.15485
3.11431 -3.15485
3.11431 -3.15485
3.11431 -3.15485
3.11431 -3.15485
3.11431 -3.15485
3.11431 -3.15485
3.11431 -3.15485
3.11431 -3.15485
3.11431 -3.15485
3.11431 -3.15485
3.11431 -3.15485
3.11431 -3.15485
3.11431 -3.15485
3.11431 -3.15485
3.11431 -3.15485
3.11431 -3.15485
3.11431 -3.15485
3.11431 -3.15485
3.11431 -3.15485
3.11431 -3.15485
3.11431 -3.15485
3.11431 -3.15485
3.11431 -3.15485
3.11431 -3.15485
3.11431 -3.15485
3.11431 -3.15485
3.11431 -3.15485
3.11431 -3.15485
3.11431 -3.15485
3.11431 -3.15485
3.11431 -3.15485
3.11431 -3.15485
3.11431 -3.15485
3.11431 -3.15485
3.11431 -3.15485
3.11431 -3.15485
3.11431 -3.15485
3.11431 -3.15485
3.11431 -3.15485
3.11431 -3.15485
3.11431 -3.15485
3.11431 -3.15485
3.11431 -3.15485
3.11431 -3.15485
3.11431 -3.15485
3.11431 -3.15485
3.11431 -3.15485
3.11431 -3.15485
3.11431 -3.15485
3.11431 -3.15485
3.11431 -3.15485
3.11431 -3.15485
3.11431 -3.15485
3.11431 -3.15485
3.11431 -3.15485
3.11431 -3.15485
3.11431 -3.15485
3.11431 -3.15485
3.11431 -3.15485
3.11431 -3.15485
3.11431 -3.15485
3.11431 -3.15485
3.11431 -3.15485
3.11431 -3.15485
3.11431 -3.15485
3.11431 -3.15485
3.11431 -3.15485
3.11431 -3.15485
3.11431 -3.15485
3.11431 -3.15485
3.11431 -3.15485
3.11431 -3.15485
3.11431 -3.15485
3.11431 -3.15485
3.11431 -3.15485
3.11431 -3.15485
3.11431 -3.15485
3.11431 -3.15485
3.11431 -3.15485
3.11431 -3.15485
3.11431 -3.15485
3.11431 -3.15485
3.11431 -3.15485
3.11431 -3.15485
3.11431 -3.15485
3.11431 -3.15485
3.11431 -3.15485
3.11431 -3.15485
3.11431 -3.15485
3.11431 -3.15485
3.11431 -3.15485
3.11431 -3.15485
3.11431 -3.15485
3.11431 -3.15485
3.11431 -3.15485
3.11431 -3.15485
3.11431 -3.15485
3.11431 -3.15485
3.11431 -3.15485
3.11431 -3.15485
3.11431 -3.15485
3.11431 -3.15485
3.11431 -3.15485
3.11431 -3.15485
3.11431 -3.15485
3.11431 -3.15485
3.11431 -3.15485
3.11431 -3.15485
3.11431 -3.15485
3.11431 -3.15485
3.11431 -3.15485
3.11431 -3.15485
3.11431 -3.15485
3.11431 -3.15485
3.11431 -3.15485
3.11431 -3.15485
3.11431 -3.15485
3.11431 -3.15485
3.11431 -3.15485
3.11431 -3.15485
3.11431 -3.15485
3.11431 -3.15485
3.11431 -3.15485
3.11431 -3.15485
3.11431 -3.15485
3.11431 -3.15485
3.11431 -3.15485
3.11431 -3.15485
3.11431 -3.15485
3.11431 -3.15485
3.11431 -3.15485
3.11431 -3.15485
3.11431 -3.15485
3.11431 -3.15485
3.11431 -3.15485
3.11431 -3.15485
3.11431 -3.15485
3.11431 -3.15485
3.11431 -3.15485
3.11431 -3.15485
3.11431 -3.15485
3.11431 -3.15485
3.11431 -3.15485
3.11431 -3.15485
3.11431 -3.15485
3.11431 -3.15485
3.11431 -3.15485
3.11431 -3.15485
3.11431 -3.15485
3.11431 -3.15485
3.11431 -3.15485
3.11431 -3.15485
3.11431 -3.15485
3.11431 -3.15485
3.11431 -3.15485
3.11431 -3.15485
3.11431 -3.15485
3.11431 -3.15485
3.11431 -3.15485
3.11431 -3.15485
3.11431 -3.15485
3.11431 -3.15485
3.11431 -3.15485
3.11431 -3.15485
3.11431 -3.15485
3.11431 -3.15485
3.11431 -3.15485
3.11431 -3.15485
3.11431 -3.15485
3.11431 -3.15485
3.11431 -3.15485
3.11431 -3.15485
3.11431 -3.15485
3.11431 -3.15485
3.11431 -3.15485
3.11431 -3.15485
3.11431 -3.15485
3.11431 -3.15485
3.11431 -3.15485
3.11431 -3.15485
3.11431 -3.15485
3.11431 -3.15485
3.11431 -3.15485
3.11431 -3.15485
3.11431 -3.15485
3.11431 -3.15485
3.11431 -3.15485
3.11431 -3.15485
3.11431 -3.15485
3.11431 -3.15485
3.11431 -3.15485
3.11431 -3.15485
3.11431 -3.15485
3.11431 -3.15485
3.11431 -3.15485
3.11431 -3.15485
3.11431 -3.15485
3.11431 -3.15485
3.11431 -3.15485
3.11431 -3.15485
3.11431 -3.15485
3.11431 -3.15485
3.11431 -3.15485
3.11431 -3.15485
3.11431 -3.15485
3.11431 -3.15485
3.11431 -3.15485
3.11431 -3.15485
3.11431 -3.15485
3.11431 -3.15485
3.11431 -3.15485
3.11431 -3.15485
3.11431 -3.15485
3.11431 -3.15485
3.11431 -3.15485
3.11431 -3.15485
3.11431 -3.15485
3.11431 -3.15485
3.11431 -3.15485
3.11431 -3.15485
3.11431 -3.15485
3.11431 -3.15485
3.11431 -3.15485
3.11431 -3.15485
3.11431 -3.15485
3.11431 -3.15485
3.11431 -3.15485
3.11431 -3.15485
3.11431 -3.15485
3.11431 -3.15485
3.11431 -3.15485
3.11431 -3.15485
3.11431 -3.15485
3.11431 -3.15485
3.11431 -3.15485
3.11431 -3.15485
3.11431 -3.15485
3.11431 -3.15485
3.11431 -3.15485
3.11431 -3.15485
3.11431 -3.15485
3.11431 -3.15485
3.11431 -3.15485
3.11431 -3.15485
3.11431 -3.15485
3.11431 -3.15485
3.11431 -3.15485
3.11431 -3.15485
3.11431 -3.15485
3.11431 -3.15485
3.11431 -3.15485
3.11431 -3.15485
3.11431 -3.15485
3.11431 -3.15485
3.11431 -3.15485
3.11431 -3.15485
3.11431 -3.15485
3.11431 -3.15485
3.11431 -3.15485
3.11431 -3.15485
3.11431 -3.15485
3.11431 -3.15485
