-0.761055 -1.40717
-0.761055 -1.40717
-0.761055 -1.40717
-0.761055 -1.40717
-0.761055 -1.40717
-0.761055 -1.40717
-0.761055 -1.40717
-0.761055 -1.40717
-0.761055 -1.40717
-0.761055 -1.40717
-0.761055 -1.40717
-0.761055 -1.40717
-0.761055 -1.40717
-0.761055 -1.40717
-0.761055 -1.40717
-0.761055 -1.40717
-0.761055 -1.40717
-0.761055 -1.40717
-0.761055 -1.40717
-0.761055 -1.40717
-0.761055 -1.40717
-0.761055 -1.40717
-0.761055 -1.40717
-0.761055 -1.40717
-0.761055 -1.40717
-0.761055 -1.40717
-0.761055 -1.40717
-0.761055 -1.40717
-0.761055 -1.40717
-0.761055 -1.40717
-0.761055 -1.40717
-0.761055 -1.40717
-0.761055 -1.40717
-0.761055 -1.40717
-0.761055 -1.40717
-0.761055 -1.40717
-0.761055 -1.40717
-0.761055 -1.40717
-0.761055 -1.40717
-0.761055 -1.40717
-0.761055 -1.40717
-0.761055 -1.40717
-0.761055 -1.40717
-0.761055 -1.40717
-0.761055 -1.40717
-0.761055 -1.40717
-0.761055 -1.40717
-0.761055 -1.40717
-0.761055 -1.40717
-0.761055 -1.40717
-0.761055 -1.40717
-0.761055 -1.40717
-0.761055 -1.40717
-0.761055 -1.40717
-0.761055 -1.40717
-0.761055 -1.40717
-0.761055 -1.40717
-0.761055 -1.40717
-0.761055 -1.40717
-0.761055 -1.40717
-0.761055 -1.40717
-0.761055 -1.40717
-0.761055 -1.40717
-0.761055 -1.40717
-0.761055 -1.40717
-0.76464 -1.40754
-0.771847 -1.40824
-0.791677 -1.40964
-0.814565 -1.4104
-0.838898 -1.41022
-0.863206 -1.40901
-0.884512 -1.40707
-0.906059 -1.40427
-0.926815 -1.40079
-0.948202 -1.39632
-0.969658 -1.39089
-0.990653 -1.38459
-1.02079 -1.37385
-1.03116 -1.36969
-1.05173 -1.36071
-1.0715 -1.35113
-1.09046 -1.34103
-1.10919 -1.33004
-1.13613 -1.31228
-1.14488 -1.30601
-1.16284 -1.29227
-1.17877 -1.27896
-1.19509 -1.26414
-1.21783 -1.24127
-1.22531 -1.23312
-1.23949 -1.21668
-1.25962 -1.19082
-1.26611 -1.18173
-1.28415 -1.15419
-1.29532 -1.1351
-1.30062 -1.12537
-1.31492 -1.09646
-1.31939 -1.08646
-1.32769 -1.06624
-1.33512 -1.04581
-1.34447 -1.01489
-1.34722 -1.00424
-1.35197 -0.982954
-1.35597 -0.960403
-1.35882 -0.939287
-1.36092 -0.917436
-1.36247 -0.885175
-1.36243 -0.863278
-1.36205 -0.852457
-1.36055 -0.830861
-1.35818 -0.809526
-1.35495 -0.788118
-1.35082 -0.7666
-1.34574 -0.745042
-1.33674 -0.713827
-1.33327 -0.703434
-1.32575 -0.682926
-1.31742 -0.662655
-1.30795 -0.642076
-1.29772 -0.622342
-1.28139 -0.594323
-1.26953 -0.576064
-1.26334 -0.567195
-1.25044 -0.549919
-1.22944 -0.52465
-1.21492 -0.508869
-1.19963 -0.493545
-1.19175 -0.486107
-1.17525 -0.471414
-1.15832 -0.457572
-1.14119 -0.444675
-1.12305 -0.432135
-1.10456 -0.420488
-1.07567 -0.404328
-1.05492 -0.39412
-1.04587 -0.39001
-1.01649 -0.377975
-0.995709 -0.370583
-0.985217 -0.367203
-0.964223 -0.361162
-0.943052 -0.35605
-0.920625 -0.351569
-0.89854 -0.347996
-0.864844 -0.344058
-0.853702 -0.342912
-0.83147 -0.340642
-0.799963 -0.336796
-0.778555 -0.33357
-0.767823 -0.331719
-0.746835 -0.327575
-0.725878 -0.322676
-0.704673 -0.316879
-0.684362 -0.31047
-0.663913 -0.303131
-0.630609 -0.289121
-0.623147 -0.285619
-0.603517 -0.275726
-0.584706 -0.26531
-0.564451 -0.25295
-0.547367 -0.241564
-0.52979 -0.228729
-0.512755 -0.215109
-0.496409 -0.20089
-0.48067 -0.186071
-0.457868 -0.162367
-0.450565 -0.154118
-0.43675 -0.137529
-0.417058 -0.111328
-0.410789 -0.102275
-0.393485 -0.0750092
-0.387945 -0.0654651
-0.377767 -0.0467304
-0.363679 -0.0175973
-0.355063 0.00279744
-0.351039 0.0132762
-0.340402 0.0451679
-0.334668 0.0657067
-0.329662 0.0866887
-0.325515 0.107932
-0.322169 0.129763
-0.320868 0.140373
-0.318204 0.17296
-0.317768 0.183589
-0.317506 0.205288
-0.318082 0.22701
-0.319549 0.249059
-0.323316 0.281297
-0.326969 0.302878
-0.32914 0.313629
-0.334227 0.335288
-0.343263 0.366572
-0.346614 0.37663
-0.358143 0.406951
-0.362356 0.416825
-0.371405 0.436416
-0.381911 0.456918
-0.392275 0.475246
-0.410122 0.503428
-0.422798 0.52123
-0.436097 0.538409
-0.443037 0.546835
-0.457349 0.563181
-0.472025 0.578622
-0.487539 0.593628
-0.503343 0.607884
-0.520404 0.622088
-0.538596 0.63598
-0.557342 0.649065
-0.575038 0.66032
-0.593919 0.6713
-0.613782 0.681777
-0.642908 0.695271
-0.652983 0.699456
-0.672077 0.706807
-0.703611 0.717308
-0.714811 0.720528
-0.748243 0.728493
-0.759039 0.730565
-0.781019 0.734053
-0.813931 0.737576
-0.824644 0.738292
-0.846109 0.739122
-0.867344 0.739153
-0.888592 0.738404
-0.921633 0.735652
-0.943986 0.732631
-0.955032 0.73076
-0.977011 0.726276
-0.997987 0.721055
-1.02982 0.711337
-1.03997 0.707787
-1.06935 0.696302
-1.07873 0.692272
-1.09754 0.683646
-1.11743 0.673638
-1.13751 0.662494
-1.15711 0.650382
-1.17546 0.637846
-1.1932 0.624533
-1.21021 0.610598
-1.22652 0.596061
-1.24209 0.581009
-1.25666 0.565862
-1.27777 0.541965
-1.28514 0.533026
-1.29964 0.514212
-1.31249 0.495906
-1.32442 0.477117
-1.33657 0.455934
-1.34578 0.438182
-1.3546 0.419526
-1.36292 0.400248
-1.37049 0.380888
-1.37805 0.359167
-1.384 0.339421
-1.3895 0.317564
-1.39411 0.295121
-1.39758 0.272975
-1.40005 0.251062
-1.4016 0.229285
-1.40227 0.207769
-1.40211 0.186238
-1.40124 0.165297
-1.39966 0.144437
-1.39718 0.122584
-1.39347 0.0994148
-1.3888 0.077199
-1.38341 0.0560274
-1.37714 0.0351072
-1.37 0.014393
-1.36236 -0.00512843
-1.34984 -0.0333185
-1.34563 -0.0420616
-1.33565 -0.0614849
-1.31834 -0.0911047
-1.31197 -0.100845
-1.29206 -0.128357
-1.27831 -0.145389
-1.27112 -0.153749
-1.2487 -0.177736
-1.24126 -0.185117
-1.22607 -0.199405
-1.21036 -0.213255
-1.18502 -0.233547
-1.17576 -0.240344
-1.15619 -0.253573
-1.13706 -0.265241
-1.11766 -0.275952
-1.0982 -0.285695
-1.07845 -0.294617
-1.05876 -0.302626
-1.02793 -0.314615
-1.01749 -0.318779
-0.997549 -0.327002
-0.976951 -0.33587
-0.956228 -0.345309
-0.936496 -0.354948
-0.917359 -0.365058
-0.898375 -0.375974
-0.880188 -0.3874
-0.862865 -0.399326
-0.845412 -0.412411
-0.828633 -0.426096
-0.812345 -0.440617
-0.796768 -0.455667
-0.781835 -0.471293
-0.760118 -0.496227
-0.746549 -0.513471
-0.740069 -0.52225
-0.727516 -0.540392
-0.716092 -0.558455
-0.705278 -0.577308
-0.695027 -0.597052
-0.685901 -0.616495
-0.67707 -0.637574
-0.669556 -0.657636
-0.66265 -0.678614
-0.656454 -0.700759
-0.649508 -0.73206
-0.647551 -0.742913
-0.644089 -0.766361
-0.641961 -0.786195
-0.640377 -0.808064
-0.639531 -0.840984
-0.640095 -0.862958
-0.641583 -0.884748
-0.642679 -0.895722
-0.647288 -0.928599
-0.6492 -0.939252
-0.6562 -0.97113
-0.658915 -0.981478
-0.664971 -1.00197
-0.672064 -1.0228
-0.684472 -1.05375
-0.688971 -1.06376
-0.698637 -1.08362
-0.709247 -1.10333
-0.720603 -1.12241
-0.732908 -1.14117
-0.752183 -1.16766
-0.758359 -1.17549
-0.77236 -1.19217
-0.787562 -1.20887
-0.802885 -1.22433
-0.819056 -1.23938
-0.8357 -1.25366
-0.862068 -1.27409
-0.879573 -1.28639
-0.888483 -1.29231
-0.906829 -1.3038
-0.935106 -1.31962
-0.95452 -1.32921
-0.974894 -1.33826
-0.985236 -1.34247
-1.01637 -1.35364
-1.02668 -1.35684
-1.05855 -1.36523
-1.08059 -1.36976
-1.10201 -1.3732
-1.11277 -1.3746
-1.13088 -1.37647
-1.13636 -1.37694
-1.13684 -1.37698
-1.13671 -1.37697
-1.13671 -1.37697
-1.13671 -1.37697
-1.13671 -1.37697
-1.13671 -1.37697
-1.13671 -1.37697
-1.13671 -1.37697
-1.13671 -1.37697
-1.13671 -1.37697
-1.13671 -1.37697
-1.13671 -1.37697
-1.13671 -1.37697
-1.13671 -1.37697
-1.13671 -1.37697
-1.13671 -1.37697
-1.13671 -1.37697
-1.13671 -1.37697
-1.13671 -1.37697
-1.13671 -1.37697
-1.13671 -1.37697
-1.13671 -1.37697
-1.13671 -1.37697
-1.13671 -1.37697
-1.13671 -1.37697
-1.13671 -1.37697
-1.13671 -1.37697
-1.13671 -1.37697
-1.13671 -1.37697
-1.13671 -1.37697
-1.13671 -1.37697
-1.13671 -1.37697
-1.13671 -1.37697
-1.13671 -1.37697
-1.13671 -1.37697
-1.13671 -1.37697
-1.13671 -1.37697
-1.13671 -1.37697
-1.13671 -1.37697
-1.13671 -1.37697
-1.13671 -1.37697
-1.13671 -1.37697
-1.13671 -1.37697
-1.13671 -1.37697
-1.13671 -1.37697
-1.13671 -1.37697
-1.13671 -1.37697
-1.13671 -1.37697
-1.13671 -1.37697
-1.13671 -1.37697
-1.13671 -1.37697
-1.13671 -1.37697
-1.13671 -1.37697
-1.13671 -1.37697
-1.13671 -1.37697
-1.13671 -1.37697
-1.13671 -1.37697
-1.13671 -1.37697
-1.13671 -1.37697
-1.13671 -1.37697
-1.13671 -1.37697
-1.13671 -1.37697
-1.13671 -1.37697
-1.13671 -1.37697
-1.13671 -1.37697
-1.13671 -1.37697
-1.13671 -1.37697
-1.13671 -1.37697
-1.13671 -1.37697
-1.13671 -1.37697
-1.13671 -1.37697
-1.13671 -1.37697
-1.13671 -1.37697
-1.13671 -1.37697
-1.13671 -1.37697
-1.13671 -1.37697
-1.13671 -1.37697
-1.13671 -1.37697
-1.13671 -1.37697
-1.13671 -1.37697
-1.13671 -1.37697
-1.13671 -1.37697
-1.13671 -1.37697
-1.13671 -1.37697
-1.13671 -1.37697
-1.13671 -1.37697
-1.13671 -1.37697
-1.13671 -1.37697
-1.13671 -1.37697
-1.13671 -1.37697
-1.13671 -1.37697
-1.13671 -1.37697
-1.13671 -1.37697
-1.13671 -1.37697
-1.13671 -1.37697
-1.13671 -1.37697
-1.13671 -1.37697
-1.13671 -1.37697
-1.13671 -1.37697
-1.13671 -1.37697
-1.13671 -1.37697
-1.13671 -1.37697
-1.13671 -1.37697
-1.13671 -1.37697
-1.13671 -1.37697
-1.13671 -1.37697
-1.13671 -1.37697
-1.13671 -1.37697
-1.13671 -1.37697
-1.13671 -1.37697
-1.13671 -1.37697
-1.13671 -1.37697
-1.13671 -1.37697
-1.13671 -1.37697
-1.13671 -1.37697
-1.13671 -1.37697
-1.13671 -1.37697
-1.13671 -1.37697
-1.13671 -1.37697
-1.13671 -1.37697
-1.13671 -1.37697
-1.13671 -1.37697
-1.13671 -1.37697
-1.13671 -1.37697
-1.13671 -1.37697
-1.13671 -1.37697
-1.13671 -1.37697
-1.13671 -1.37697
-1.13671 -1.37697
-1.13671 -1.37697
-1.13671 -1.37697
-1.13671 -1.37697
-1.13671 -1.37697
-1.13671 -1.37697
-1.13671 -1.37697
-1.13671 -1.37697
-1.13671 -1.37697
-1.13671 -1.37697
-1.13671 -1.37697
-1.13671 -1.37697
-1.13671 -1.37697
-1.13671 -1.37697
-1.13671 -1.37697
-1.13671 -1.37697
-1.13671 -1.37697
-1.13671 -1.37697
-1.13671 -1.37697
-1.13671 -1.37697
-1.13671 -1.37697
-1.13671 -1.37697
-1.13671 -1.37697
-1.13671 -1.37697
-1.13671 -1.37697
-1.13671 -1.37697
-1.13671 -1.37697
-1.13671 -1.37697
-1.13671 -1.37697
-1.13671 -1.37697
-1.13671 -1.37697
-1.13671 -1.37697
-1.13671 -1.37697
-1.13671 -1.37697
-1.13671 -1.37697
-1.13671 -1.37697
-1.13671 -1.37697
-1.13671 -1.37697
-1.13671 -1.37697
-1.13671 -1.37697
-1.13671 -1.37697
-1.13671 -1.37697
-1.13671 -1.37697
-1.13671 -1.37697
-1.13671 -1.37697
-1.13671 -1.37697
-1.13671 -1.37697
-1.13671 -1.37697
-1.13671 -1.37697
-1.13671 -1.37697
-1.13671 -1.37697
-1.13671 -1.37697
-1.13671 -1.37697
-1.13671 -1.37697
-1.13671 -1.37697
-1.13671 -1.37697
-1.13671 -1.37697
-1.13671 -1.37697
-1.13671 -1.37697
-1.13671 -1.37697
-1.13671 -1.37697
-1.13671 -1.37697
-1.13671 -1.37697
-1.13671 -1.37697
-1.13671 -1.37697
-1.13671 -1.37697
-1.13671 -1.37697
-1.13671 -1.37697
-1.13671 -1.37697
-1.13671 -1.37697
-1.13671 -1.37697
-1.13671 -1.37697
-1.13671 -1.37697
-1.13671 -1.37697
-1.13671 -1.37697
-1.13671 -1.37697
-1.13671 -1.37697
-1.13671 -1.37697
-1.13671 -1.37697
-1.13671 -1.37697
-1.13671 -1.37697
-1.13671 -1.37697
-1.13671 -1.37697
-1.13671 -1.37697
-1.13671 -1.37697
-1.13671 -1.37697
-1.13671 -1.37697
-1.13671 -1.37697
-1.13671 -1.37697
-1.13671 -1.37697
-1.13671 -1.37697
-1.13671 -1.37697
-1.13671 -1.37697
-1.13671 -1.37697
-1.13671 -1.37697
-1.13671 -1.37697
-1.13671 -1.37697
-1.13671 -1.37697
-1.13671 -1.37697
-1.13671 -1.37697
-1.13671 -1.37697
-1.13671 -1.37697
-1.13671 -1.37697
-1.13671 -1.37697
-1.13671 -1.37697
-1.13671 -1.37697
-1.13671 -1.37697
-1.13671 -1.37697
-1.13671 -1.37697
-1.13671 -1.37697
-1.13671 -1.37697
-1.13671 -1.37697
-1.13671 -1.37697
-1.13671 -1.37697
-1.13671 -1.37697
-1.13671 -1.37697
-1.13671 -1.37697
-1.13671 -1.37697
-1.13671 -1.37697
-1.13671 -1.37697
-1.13671 -1.37697
-1.13671 -1.37697
-1.13671 -1.37697
-1.13671 -1.37697
-1.13671 -1.37697
-1.13671 -1.37697
-1.13671 -1.37697
-1.13671 -1.37697
-1.13671 -1.37697
-1.13671 -1.37697
-1.13671 -1.37697
-1.13671 -1.37697
-1.13671 -1.37697
-1.13671 -1.37697
-1.13671 -1.37697
-1.13671 -1.37697
-1.13671 -1.37697
-1.13671 -1.37697
-1.13671 -1.37697
-1.13671 -1.37697
-1.13671 -1.37697
-1.13671 -1.37697
-1.13671 -1.37697
-1.13671 -1.37697
-1.13671 -1.37697
-1.13671 -1.37697
-1.13671 -1.37697
-1.13671 -1.37697
-1.13671 -1.37697
-1.13671 -1.37697
-1.13671 -1.37697
-1.13671 -1.37697
-1.13671 -1.37697
-1.13671 -1.37697
-1.13671 -1.37697
-1.13671 -1.37697
-1.13671 -1.37697
-1.13671 -1.37697
-1.13671 -1.37697
-1.13671 -1.37697
-1.13671 -1.37697
-1.13671 -1.37697
-1.13671 -1.37697
-1.13671 -1.37697
-1.13671 -1.37697
-1.13671 -1.37697
-1.13671 -1.37697
-1.13671 -1.37697
-1.13671 -1.37697
-1.13671 -1.37697
-1.13671 -1.37697
-1.13671 -1.37697
-1.13671 -1.37697
-1.13671 -1.37697
-1.13671 -1.37697
-1.13671 -1.37697
-1.13671 -1.37697
-1.13671 -1.37697
-1.13671 -1.37697
-1.13671 -1.37697
-1.13671 -1.37697
-1.13671 -1.37697
-1.13671 -1.37697
-1.13671 -1.37697
-1.13671 -1.37697
-1.13671 -1.37697
-1.13671 -1.37697
-1.13671 -1.37697
-1.13671 -1.37697
-1.13671 -1.37697
-1.13671 -1.37697
-1.13671 -1.37697
-1.13671 -1.37697
-1.13671 -1.37697
-1.13671 -1.37697
-1.13671 -1.37697
-1.13671 -1.37697
-1.13671 -1.37697
-1.13671 -1.37697
-1.13671 -1.37697
-1.13671 -1.37697
-1.13671 -1.37697
-1.13671 -1.37697
-1.13671 -1.37697
-1.13671 -1.37697
-1.13671 -1.37697
-1.13671 -1.37697
-1.13671 -1.37697
-1.13671 -1.37697
-1.13671 -1.37697
-1.13671 -1.37697
-1.13671 -1.37697
-1.13671 -1.37697
-1.13671 -1.37697
-1.13671 -1.37697
-1.13671 -1.37697
-1.13671 -1.37697
-1.13671 -1.37697
-1.13671 -1.37697
-1.13671 -1.37697
-1.13671 -1.37697
-1.13671 -1.37697
-1.13671 -1.37697
-1.13671 -1.37697
-1.13671 -1.37697
-1.13671 -1.37697
-1.13671 -1.37697
-1.13671 -1.37697
-1.13671 -1.37697
-1.13671 -1.37697
-1.13671 -1.37697
-1.13671 -1.37697
-1.13671 -1.37697
-1.13671 -1.37697
-1.13671 -1.37697
-1.13671 -1.37697
-1.13671 -1.37697
-1.13671 -1.37697
-1.13671 -1.37697
-1.13671 -1.37697
-1.13671 -1.37697
-1.13671 -1.37697
-1.13671 -1.37697
-1.13671 -1.37697
-1.13671 -1.37697
-1.13671 -1.37697
-1.13671 -1.37697
-1.13671 -1.37697
-1.13671 -1.37697
-1.13671 -1.37697
-1.13671 -1.37697
-1.13671 -1.37697
-1.13671 -1.37697
-1.13671 -1.37697
-1.13671 -1.37697
-1.13671 -1.37697
-1.13671 -1.37697
-1.13671 -1.37697
-1.13671 -1.37697
-1.13671 -1.37697
-1.13671 -1.37697
-1.13671 -1.37697
-1.13671 -1.37697
-1.13671 -1.37697
-1.13671 -1.37697
-1.13671 -1.37697
-1.13671 -1.37697
-1.13671 -1.37697
-1.13671 -1.37697
-1.13671 -1.37697
-1.13671 -1.37697
-1.13671 -1.37697
-1.13671 -1.37697
-1.13671 -1.37697
-1.13671 -1.37697
-1.13671 -1.37697
-1.13671 -1.37697
-1.13671 -1.37697
-1.13671 -1.37697
-1.13671 -1.37697
-1.13671 -1.37697
-1.13671 -1.37697
-1.13671 -1.37697
-1.13671 -1.37697
-1.13671 -1.37697
-1.13671 -1.37697
-1.13671 -1.37697
-1.13671 -1.37697
-1.13671 -1.37697
-1.13671 -1.37697
-1.13671 -1.37697
-1.13671 -1.37697
-1.13671 -1.37697
-1.13671 -1.37697
-1.13671 -1.37697
-1.13671 -1.37697
-1.13671 -1.37697
-1.13671 -1.37697
-1.13671 -1.37697
-1.13671 -1.37697
-1.13697 -1.37699
-1.1457 -1.37774
-1.15241 -1.37829
-1.17518 -1.37959
-1.20008 -1.37995
-1.23462 -1.37849
-1.24554 -1.3776
-1.27831 -1.3735
-1.28903 -1.37167
-1.31101 -1.36719
-1.33181 -1.36201
-1.36326 -1.35242
-1.37341 -1.34889
-1.39401 -1.34098
-1.4244 -1.32752
-1.4338 -1.32292
-1.45319 -1.31273
-1.4816 -1.29588
-1.49961 -1.28392
-1.50845 -1.27767
-1.52601 -1.26458
-1.55146 -1.24348
-1.55967 -1.23609
-1.58325 -1.21305
-1.59809 -1.1971
-1.60524 -1.18895
-1.6191 -1.1722
-1.63871 -1.14595
-1.65089 -1.12778
-1.65666 -1.11858
-1.66782 -1.09952
-1.67789 -1.08063
-1.68719 -1.06152
-1.70022 -1.03083
-1.70407 -1.02054
-1.71115 -0.999851
-1.72044 -0.967891
-1.7231 -0.957194
-1.7277 -0.935882
-1.73293 -0.903632
-1.7353 -0.881704
-1.73613 -0.870715
-1.73722 -0.837656
-1.73713 -0.826973
-1.73626 -0.805046
-1.73328 -0.772906
-1.73021 -0.751661
-1.72827 -0.740589
-1.72382 -0.719157
-1.71861 -0.698347
-1.71242 -0.677195
-1.70536 -0.656158
-1.69749 -0.635413
-1.68872 -0.614954
-1.67862 -0.593992
-1.66853 -0.575127
-1.65767 -0.556692
-1.63987 -0.529804
-1.63349 -0.520983
-1.61312 -0.495149
-1.59893 -0.478949
-1.59155 -0.471032
-1.57597 -0.45543
-1.55979 -0.440553
-1.54301 -0.426288
-1.5258 -0.412814
-1.50791 -0.399955
-1.4898 -0.388052
-1.46159 -0.371408
-1.45203 -0.366266
-1.43206 -0.356306
-1.41243 -0.347455
-1.38169 -0.335475
-1.36114 -0.328664
-1.33992 -0.322569
-1.32791 -0.319542
-1.30852 -0.315277
-1.28667 -0.311372
-1.26481 -0.308417
-1.24302 -0.306415
-1.22115 -0.305291
-1.19929 -0.305069
-1.16612 -0.306275
-1.15463 -0.306878
-1.13206 -0.307943
-1.11022 -0.308664
-1.08927 -0.308865
-1.05823 -0.307969
-1.04759 -0.307303
-1.02563 -0.305342
-1.00326 -0.302473
-0.9712 -0.296747
-0.949884 -0.291841
-0.939401 -0.289102
-0.9078 -0.279509
-0.886867 -0.27195
-0.876436 -0.267781
-0.846664 -0.254413
-0.83658 -0.249388
-0.817822 -0.239324
-0.797665 -0.227427
-0.771887 -0.210509
-0.762751 -0.204027
-0.744967 -0.190644
-0.719344 -0.169236
-0.711185 -0.161824
-0.695408 -0.146505
-0.68077 -0.131112
-0.666607 -0.115071
-0.652702 -0.0979547
-0.639549 -0.0802609
-0.627352 -0.0623694
-0.615863 -0.0440038
-0.605111 -0.025169
-0.594986 -0.00548126
-0.585768 0.0145107
-0.577325 0.034977
-0.566542 0.065322
-0.560203 0.0864438
-0.554784 0.107646
-0.55239 0.118407
-0.546627 0.150575
-0.545159 0.161097
-0.542757 0.182919
-0.541232 0.204853
-0.540637 0.226868
-0.540901 0.248266
-0.54208 0.27008
-0.544098 0.291483
-0.546954 0.312997
-0.550625 0.334501
-0.55527 0.356205
-0.563742 0.388039
-0.567033 0.398623
-0.574054 0.41892
-0.582213 0.439652
-0.591138 0.459782
-0.600776 0.479275
-0.611104 0.498283
-0.621909 0.516557
-0.633913 0.535106
-0.646965 0.553619
-0.660682 0.571423
-0.674502 0.587882
-0.689323 0.6042
-0.704583 0.619695
-0.720511 0.634537
-0.744846 0.655087
-0.752884 0.661385
-0.778526 0.679985
-0.787685 0.686097
-0.806662 0.697877
-0.826253 0.708854
-0.845688 0.718731
-0.865773 0.727873
-0.886319 0.736237
-0.907708 0.743957
-0.927915 0.750402
-0.948089 0.756097
-0.979898 0.763562
-0.991165 0.765735
-1.01386 0.769331
-1.04711 0.77271
-1.05893 0.773419
-1.081 0.77406
-1.10178 0.773885
-1.12349 0.772892
-1.14407 0.771217
-1.16471 0.768859
-1.1862 0.765677
-1.20821 0.761484
-1.23052 0.756187
-1.25196 0.750035
-1.28343 0.739189
-1.29378 0.735129
-1.32429 0.7217
-1.33432 0.716769
-1.3615 0.702236
-1.37041 0.697094
-1.38861 0.685894
-1.40695 0.673536
-1.42575 0.659547
-1.4519 0.637444
-1.46024 0.629689
-1.47588 0.614188
-1.49066 0.598324
-1.50457 0.582208
-1.52386 0.557865
-1.53006 0.549493
-1.54204 0.532426
-1.55426 0.513519
-1.56604 0.493264
-1.57638 0.473374
-1.58617 0.452366
-1.59434 0.432643
-1.60193 0.412058
-1.60841 0.392255
-1.61416 0.372576
-1.6194 0.352131
-1.62396 0.331239
-1.62797 0.307837
-1.63068 0.284617
-1.63217 0.262805
-1.63277 0.240844
-1.63256 0.218539
-1.63064 0.185784
-1.62967 0.175667
-1.62721 0.155045
-1.62397 0.133925
-1.61937 0.110374
-1.61112 0.0779395
-1.60783 0.0671962
-1.60062 0.0461617
-1.59276 0.0259685
-1.58409 0.00613662
-1.57489 -0.0129309
-1.56538 -0.0310028
-1.55521 -0.0487843
-1.53739 -0.0766412
-1.53105 -0.0856761
-1.51781 -0.103324
-1.50352 -0.120686
-1.48874 -0.137085
-1.47329 -0.152881
-1.45767 -0.16762
-1.43348 -0.188324
-1.41729 -0.201113
-1.40894 -0.207362
-1.39156 -0.219567
-1.37261 -0.23164
-1.35172 -0.243564
-1.32133 -0.258505
-1.31089 -0.26311
-1.28968 -0.271915
-1.26897 -0.280522
-1.24943 -0.288976
-1.22199 -0.30168
-1.20304 -0.311222
-1.19339 -0.316349
-1.16479 -0.333018
-1.15517 -0.339163
-1.12741 -0.358405
-1.11835 -0.365213
-1.10099 -0.379127
-1.08472 -0.393293
-1.06871 -0.408416
-1.05361 -0.42389
-1.03886 -0.440279
-1.01814 -0.465863
-1.00537 -0.483341
-0.999176 -0.492363
-0.981407 -0.520694
-0.976066 -0.530022
-0.965676 -0.549494
-0.95186 -0.57873
-0.947488 -0.589009
-0.93599 -0.619457
-0.932491 -0.629938
-0.923302 -0.661736
-0.920724 -0.672279
-0.91587 -0.695347
-0.912545 -0.715146
-0.909818 -0.737047
-0.907457 -0.770029
-0.907136 -0.780953
-0.907162 -0.802579
-0.908046 -0.824495
-0.910956 -0.856799
-0.912385 -0.867733
-0.915872 -0.889444
-0.920208 -0.91085
-0.928415 -0.942582
-0.934965 -0.96348
-0.938503 -0.973687
-0.946286 -0.994106
-0.954873 -1.01418
-0.964245 -1.03392
-0.974422 -1.05338
-0.985319 -1.07235
-0.996716 -1.0905
-1.00895 -1.10831
-1.02911 -1.13488
-1.03608 -1.14334
-1.05058 -1.15993
-1.06555 -1.17572
-1.08963 -1.19871
-1.09781 -1.20591
-1.11417 -1.21943
-1.13109 -1.23224
-1.14938 -1.24492
-1.16743 -1.25634
-1.18639 -1.26732
-1.21547 -1.28218
-1.22533 -1.28669
-1.24534 -1.29508
-1.26566 -1.30269
-1.28681 -1.30958
-1.30791 -1.31547
-1.34026 -1.32269
-1.35093 -1.32458
-1.37246 -1.3277
-1.39416 -1.32998
-1.41649 -1.3314
-1.43833 -1.33191
-1.45946 -1.33154
-1.47967 -1.33036
-1.49155 -1.32938
-1.49195 -1.32934
-1.49195 -1.32934
-1.49195 -1.32934
-1.49195 -1.32934
-1.49195 -1.32934
-1.49195 -1.32934
-1.49195 -1.32934
-1.49195 -1.32934
-1.49195 -1.32934
-1.49195 -1.32934
-1.49195 -1.32934
-1.49195 -1.32934
-1.49195 -1.32934
-1.49195 -1.32934
-1.49195 -1.32934
-1.49195 -1.32934
-1.49195 -1.32934
-1.49195 -1.32934
-1.49195 -1.32934
-1.49195 -1.32934
-1.49195 -1.32934
-1.49195 -1.32934
-1.49195 -1.32934
-1.49195 -1.32934
-1.49195 -1.32934
-1.49195 -1.32934
-1.49195 -1.32934
-1.49195 -1.32934
-1.49195 -1.32934
-1.49195 -1.32934
-1.49195 -1.32934
-1.49195 -1.32934
-1.49195 -1.32934
-1.49195 -1.32934
-1.49195 -1.32934
-1.49195 -1.32934
-1.49195 -1.32934
-1.49195 -1.32934
-1.49195 -1.32934
-1.49195 -1.32934
-1.49195 -1.32934
-1.49195 -1.32934
-1.49195 -1.32934
-1.49195 -1.32934
-1.49195 -1.32934
-1.49195 -1.32934
-1.49195 -1.32934
-1.49195 -1.32934
-1.49195 -1.32934
-1.49195 -1.32934
-1.49195 -1.32934
-1.49195 -1.32934
-1.49195 -1.32934
-1.49195 -1.32934
-1.49195 -1.32934
-1.49195 -1.32934
-1.49195 -1.32934
-1.49195 -1.32934
-1.49195 -1.32934
-1.49195 -1.32934
-1.49195 -1.32934
-1.49195 -1.32934
-1.49195 -1.32934
-1.49195 -1.32934
-1.49195 -1.32934
-1.49195 -1.32934
-1.49195 -1.32934
-1.49195 -1.32934
-1.49195 -1.32934
-1.49195 -1.32934
-1.49195 -1.32934
-1.49195 -1.32934
-1.49195 -1.32934
-1.49195 -1.32934
-1.49195 -1.32934
-1.49195 -1.32934
-1.49195 -1.32934
-1.49195 -1.32934
-1.49195 -1.32934
-1.49195 -1.32934
-1.49195 -1.32934
-1.49195 -1.32934
-1.49195 -1.32934
-1.49195 -1.32934
-1.49195 -1.32934
-1.49195 -1.32934
-1.49195 -1.32934
-1.49195 -1.32934
-1.49195 -1.32934
-1.49195 -1.32934
-1.49195 -1.32934
-1.49195 -1.32934
-1.49195 -1.32934
-1.49195 -1.32934
-1.49195 -1.32934
-1.49195 -1.32934
-1.49195 -1.32934
-1.49195 -1.32934
-1.49195 -1.32934
-1.49195 -1.32934
-1.49195 -1.32934
-1.49195 -1.32934
-1.49195 -1.32934
-1.49195 -1.32934
-1.49195 -1.32934
-1.49195 -1.32934
-1.49195 -1.32934
-1.49195 -1.32934
-1.49195 -1.32934
-1.49195 -1.32934
-1.49195 -1.32934
-1.49195 -1.32934
-1.49195 -1.32934
-1.49195 -1.32934
-1.49195 -1.32934
-1.49195 -1.32934
-1.49195 -1.32934
-1.49195 -1.32934
-1.49195 -1.32934
-1.49195 -1.32934
-1.49195 -1.32934
-1.49195 -1.32934
-1.49195 -1.32934
-1.49195 -1.32934
-1.49195 -1.32934
-1.49195 -1.32934
-1.49195 -1.32934
-1.49195 -1.32934
-1.49195 -1.32934
-1.49195 -1.32934
-1.49195 -1.32934
-1.49195 -1.32934
-1.49195 -1.32934
-1.49195 -1.32934
-1.49195 -1.32934
-1.49195 -1.32934
-1.49195 -1.32934
-1.49195 -1.32934
-1.49195 -1.32934
-1.49195 -1.32934
-1.49195 -1.32934
-1.49195 -1.32934
-1.49195 -1.32934
-1.49195 -1.32934
-1.49195 -1.32934
-1.49195 -1.32934
-1.49195 -1.32934
-1.49195 -1.32934
-1.49195 -1.32934
-1.49195 -1.32934
-1.49195 -1.32934
-1.49195 -1.32934
-1.49195 -1.32934
-1.49195 -1.32934
-1.49195 -1.32934
-1.49195 -1.32934
-1.49195 -1.32934
-1.49195 -1.32934
-1.49195 -1.32934
-1.49195 -1.32934
-1.49195 -1.32934
-1.49195 -1.32934
-1.49195 -1.32934
-1.49195 -1.32934
-1.49195 -1.32934
-1.49195 -1.32934
-1.49195 -1.32934
-1.49195 -1.32934
-1.49195 -1.32934
-1.49195 -1.32934
-1.49195 -1.32934
-1.49195 -1.32934
-1.49195 -1.32934
-1.49195 -1.32934
-1.49195 -1.32934
-1.49195 -1.32934
-1.49195 -1.32934
-1.49195 -1.32934
-1.49195 -1.32934
-1.49195 -1.32934
-1.49195 -1.32934
-1.49195 -1.32934
-1.49195 -1.32934
-1.49195 -1.32934
-1.49195 -1.32934
-1.49195 -1.32934
-1.49195 -1.32934
-1.49195 -1.32934
-1.49195 -1.32934
-1.49195 -1.32934
-1.49195 -1.32934
-1.49195 -1.32934
-1.49195 -1.32934
-1.49195 -1.32934
-1.49195 -1.32934
-1.49195 -1.32934
-1.49195 -1.32934
-1.49195 -1.32934
-1.49195 -1.32934
-1.49195 -1.32934
-1.49195 -1.32934
-1.49195 -1.32934
-1.49195 -1.32934
-1.49237 -1.32931
-1.499 -1.32875
-1.51425 -1.32731
-1.5493 -1.32245
-1.56027 -1.32045
-1.58167 -1.31592
-1.60232 -1.31072
-1.62349 -1.30451
-1.64389 -1.29765
-1.66404 -1.28998
-1.68423 -1.28144
-1.71339 -1.2673
-1.72295 -1.26221
-1.74193 -1.25137
-1.76072 -1.23965
-1.77868 -1.2274
-1.79637 -1.21414
-1.81336 -1.20038
-1.82983 -1.18593
-1.84593 -1.17058
-1.86819 -1.14704
-1.87531 -1.13882
-1.8954 -1.11366
-1.90197 -1.10472
-1.91451 -1.08643
-1.92613 -1.06795
-1.93709 -1.04887
-1.94738 -1.02929
-1.95676 -1.00934
-1.96512 -0.989304
-1.97289 -0.968444
-1.97969 -0.94771
-1.9857 -0.926587
-1.99305 -0.894757
-1.99502 -0.884111
-1.99832 -0.862386
-2.00073 -0.84049
-2.00222 -0.818798
-2.00282 -0.79694
-2.00257 -0.775178
-2.00138 -0.75308
-1.99921 -0.730865
-1.99612 -0.708991
-1.99215 -0.687331
-1.98731 -0.666041
-1.98147 -0.644531
-1.97501 -0.62405
-1.96767 -0.603685
-1.95527 -0.573917
-1.95072 -0.564106
-1.94104 -0.544822
-1.93065 -0.526004
-1.91921 -0.507171
-1.90688 -0.488692
-1.89384 -0.4707
-1.88034 -0.453436
-1.86627 -0.436732
-1.85159 -0.420631
-1.83623 -0.405115
-1.8122 -0.383105
-1.80383 -0.376046
-1.78652 -0.362251
-1.7596 -0.342869
-1.7506 -0.336929
-1.7321 -0.325469
-1.71253 -0.314401
-1.69337 -0.304557
-1.67296 -0.295176
-1.64277 -0.283146
-1.63256 -0.279545
-1.61163 -0.272829
-1.58007 -0.264414
-1.56897 -0.261937
-1.53781 -0.256276
-1.52675 -0.254727
-1.50429 -0.252217
-1.48142 -0.25014
-1.45924 -0.248055
-1.43803 -0.245679
-1.41688 -0.242876
-1.3953 -0.239435
-1.37451 -0.235413
-1.35383 -0.230552
-1.33299 -0.224747
-1.30129 -0.214134
-1.29098 -0.210218
-1.27136 -0.202119
-1.25194 -0.193224
-1.23264 -0.183442
-1.21268 -0.172292
-1.19479 -0.161357
-1.17676 -0.149364
-1.15859 -0.136166
-1.1416 -0.12276
-1.12495 -0.108497
-1.10106 -0.0858165
-1.09343 -0.0779515
-1.07838 -0.0614432
-1.06414 -0.0444137
-1.05079 -0.0270325
-1.03822 -0.00921444
-1.02641 0.00904987
-1.01545 0.0276126
-1.00496 0.047083
-0.990174 0.0783119
-0.986469 0.0870361
-0.978559 0.10723
-0.968147 0.137926
-0.964986 0.148477
-0.959355 0.169548
-0.954579 0.190624
-0.95058 0.212283
-0.946363 0.244791
-0.945418 0.255583
-0.944162 0.277135
-0.943752 0.29887
-0.944191 0.320929
-0.945602 0.343932
-0.947701 0.36467
-0.95081 0.386284
-0.954845 0.407813
-0.959687 0.428817
-0.965424 0.44986
-0.972125 0.471108
-0.979611 0.491901
-0.988085 0.512761
-0.99665 0.531621
-1.00619 0.550725
-1.01658 0.569722
-1.02796 0.588718
-1.04021 0.60732
-1.0526 0.624554
-1.0664 0.642285
-1.08064 0.659224
-1.09543 0.675472
-1.11062 0.690844
-1.12647 0.705663
-1.14272 0.71977
-1.15975 0.733425
-1.17791 0.746767
-1.19684 0.759413
-1.22505 0.776145
-1.23458 0.78127
-1.25425 0.791056
-1.27442 0.800183
-1.2947 0.808544
-1.3148 0.815931
-1.33485 0.822541
-1.35511 0.828412
-1.3772 0.83381
-1.41016 0.839968
-1.42087 0.841534
-1.44277 0.844047
-1.46512 0.845658
-1.48634 0.846373
-1.50767 0.846302
-1.5398 0.844728
-1.5498 0.843874
-1.57174 0.841325
-1.60534 0.835507
-1.61626 0.83308
-1.63759 0.827611
-1.6584 0.821323
-1.68901 0.810262
-1.69903 0.806177
-1.71845 0.797607
-1.73714 0.788611
-1.75701 0.778159
-1.77627 0.767073
-1.80386 0.749154
-1.81362 0.742179
-1.83949 0.722011
-1.84769 0.71505
-1.87184 0.692835
-1.88707 0.677274
-1.89444 0.66934
-1.90778 0.654247
-1.92117 0.637928
-1.93478 0.619813
-1.94813 0.600137
-1.96506 0.571715
-1.97024 0.562152
-1.98451 0.532883
-1.98893 0.522777
-1.99688 0.503017
-2.0039 0.48378
-2.01032 0.464312
-2.01641 0.443328
-2.02176 0.421454
-2.02619 0.399033
-2.02953 0.376609
-2.03186 0.354677
-2.03328 0.332707
-2.03381 0.311121
-2.03357 0.290277
-2.03268 0.269864
-2.0311 0.249102
-2.02859 0.22716
-2.02501 0.204769
-2.02033 0.182355
-2.01481 0.160787
-2.00846 0.139729
-2.00103 0.118496
-1.98882 0.0888039
-1.98463 0.0795286
-1.97574 0.0609856
-1.96626 0.0428189
-1.9556 0.0242128
-1.94315 0.00456487
-1.92971 -0.0145025
-1.91616 -0.0319412
-1.90207 -0.0486268
-1.88745 -0.064554
-1.87212 -0.0799771
-1.85709 -0.0940859
-1.83402 -0.113982
-1.82594 -0.120493
-1.79869 -0.14068
-1.78873 -0.147376
-1.7688 -0.159726
-1.74941 -0.170577
-1.72948 -0.180706
-1.70982 -0.189674
-1.68977 -0.197851
-1.67063 -0.204984
-1.63921 -0.216021
-1.62793 -0.220053
-1.60685 -0.227873
-1.58593 -0.23607
-1.55472 -0.249297
-1.54474 -0.253833
-1.51568 -0.268178
-1.50613 -0.273295
-1.4783 -0.28957
-1.46936 -0.295316
-1.44269 -0.314065
-1.43383 -0.320814
-1.41662 -0.334726
-1.39978 -0.349434
-1.38418 -0.364211
-1.36872 -0.380078
-1.35413 -0.396336
-1.33366 -0.421632
-1.32719 -0.430335
-1.3146 -0.448438
-1.29715 -0.476618
-1.29167 -0.486317
-1.2814 -0.505702
-1.27204 -0.52521
-1.26315 -0.545854
-1.25546 -0.565959
-1.24846 -0.586697
-1.24219 -0.608156
-1.23682 -0.629677
-1.23227 -0.65161
-1.22865 -0.673347
-1.22597 -0.694624
-1.22412 -0.716084
-1.22313 -0.7381
-1.22307 -0.760174
-1.22384 -0.781392
-1.22546 -0.803034
-1.22797 -0.824887
-1.23139 -0.846608
-1.23563 -0.867824
-1.24071 -0.888956
-1.24674 -0.910124
-1.2536 -0.930889
-1.26146 -0.951718
-1.2701 -0.972034
-1.28419 -1.00089
-1.28941 -1.01056
-1.30064 -1.02988
-1.31252 -1.04847
-1.32467 -1.0659
-1.33791 -1.08331
-1.35912 -1.10837
-1.36637 -1.11626
-1.38195 -1.13224
-1.39794 -1.14735
-1.41398 -1.16127
-1.43105 -1.17494
-1.44848 -1.18781
-1.46622 -1.19989
-1.48569 -1.21203
-1.50413 -1.22249
-1.52387 -1.23271
-1.54403 -1.24215
-1.56441 -1.25068
-1.58472 -1.25818
-1.60479 -1.26471
-1.62591 -1.27063
-1.64758 -1.27571
-1.6689 -1.27979
-1.69094 -1.28315
-1.71258 -1.28558
-1.73434 -1.28712
-1.75638 -1.2878
-1.78849 -1.28718
-1.79953 -1.28651
-1.82014 -1.28463
-1.84184 -1.2818
-1.86318 -1.27816
-1.88448 -1.27365
-1.90537 -1.26838
-1.92582 -1.26239
-1.9354 -1.25934
-1.93637 -1.25902
-1.93637 -1.25902
-1.93637 -1.25902
-1.93637 -1.25902
-1.93637 -1.25902
-1.93637 -1.25902
-1.93637 -1.25902
-1.93637 -1.25902
-1.93637 -1.25902
-1.93637 -1.25902
-1.93637 -1.25902
-1.93637 -1.25902
-1.93637 -1.25902
-1.93637 -1.25902
-1.93637 -1.25902
-1.93637 -1.25902
-1.93637 -1.25902
-1.93637 -1.25902
-1.93637 -1.25902
-1.93637 -1.25902
-1.93637 -1.25902
-1.93637 -1.25902
-1.93637 -1.25902
-1.93637 -1.25902
-1.93637 -1.25902
-1.93637 -1.25902
-1.93637 -1.25902
-1.93637 -1.25902
-1.93637 -1.25902
-1.93637 -1.25902
-1.93637 -1.25902
-1.93637 -1.25902
-1.93637 -1.25902
-1.93637 -1.25902
-1.93637 -1.25902
-1.93637 -1.25902
-1.93637 -1.25902
-1.93637 -1.25902
-1.93637 -1.25902
-1.93637 -1.25902
-1.93637 -1.25902
-1.93637 -1.25902
-1.93637 -1.25902
-1.93637 -1.25902
-1.93637 -1.25902
-1.93637 -1.25902
-1.93637 -1.25902
-1.93637 -1.25902
-1.93637 -1.25902
-1.93637 -1.25902
-1.93637 -1.25902
-1.93637 -1.25902
-1.93637 -1.25902
-1.93637 -1.25902
-1.93637 -1.25902
-1.93637 -1.25902
-1.93637 -1.25902
-1.93637 -1.25902
-1.93637 -1.25902
-1.93637 -1.25902
-1.93637 -1.25902
-1.93637 -1.25902
-1.93637 -1.25902
-1.93637 -1.25902
-1.93637 -1.25902
-1.93637 -1.25902
-1.93637 -1.25902
-1.93637 -1.25902
-1.93637 -1.25902
-1.93637 -1.25902
-1.93637 -1.25902
-1.93637 -1.25902
-1.93637 -1.25902
-1.93637 -1.25902
-1.93637 -1.25902
-1.93637 -1.25902
-1.93637 -1.25902
-1.93637 -1.25902
-1.93637 -1.25902
-1.93637 -1.25902
-1.93637 -1.25902
-1.93637 -1.25902
-1.93637 -1.25902
-1.93637 -1.25902
-1.93637 -1.25902
-1.93637 -1.25902
-1.93637 -1.25902
-1.93637 -1.25902
-1.93637 -1.25902
-1.93637 -1.25902
-1.93637 -1.25902
-1.93637 -1.25902
-1.93637 -1.25902
-1.93637 -1.25902
-1.93637 -1.25902
-1.93637 -1.25902
-1.93637 -1.25902
-1.93637 -1.25902
-1.93637 -1.25902
-1.93637 -1.25902
-1.93637 -1.25902
-1.93637 -1.25902
-1.93637 -1.25902
-1.93637 -1.25902
-1.93637 -1.25902
-1.93637 -1.25902
-1.93637 -1.25902
-1.93637 -1.25902
-1.93637 -1.25902
-1.93637 -1.25902
-1.93637 -1.25902
-1.93637 -1.25902
-1.93637 -1.25902
-1.93637 -1.25902
-1.93637 -1.25902
-1.93637 -1.25902
-1.93637 -1.25902
-1.93637 -1.25902
-1.93637 -1.25902
-1.93637 -1.25902
-1.93637 -1.25902
-1.93637 -1.25902
-1.93637 -1.25902
-1.93637 -1.25902
-1.93637 -1.25902
-1.93637 -1.25902
-1.93637 -1.25902
-1.93637 -1.25902
-1.93637 -1.25902
-1.93637 -1.25902
-1.93637 -1.25902
-1.93637 -1.25902
-1.93637 -1.25902
-1.93637 -1.25902
-1.93637 -1.25902
-1.93637 -1.25902
-1.93637 -1.25902
-1.93637 -1.25902
-1.93637 -1.25902
-1.93637 -1.25902
-1.93637 -1.25902
-1.93637 -1.25902
-1.93637 -1.25902
-1.93637 -1.25902
-1.93637 -1.25902
-1.93637 -1.25902
-1.93637 -1.25902
-1.93637 -1.25902
-1.93637 -1.25902
-1.93637 -1.25902
-1.93637 -1.25902
-1.93637 -1.25902
-1.93637 -1.25902
-1.93637 -1.25902
-1.93637 -1.25902
-1.93637 -1.25902
-1.93637 -1.25902
-1.93637 -1.25902
-1.93637 -1.25902
-1.93637 -1.25902
-1.93637 -1.25902
-1.93637 -1.25902
-1.93637 -1.25902
-1.93637 -1.25902
-1.93637 -1.25902
-1.93637 -1.25902
-1.93637 -1.25902
-1.93637 -1.25902
-1.93637 -1.25902
-1.93637 -1.25902
-1.93637 -1.25902
-1.93637 -1.25902
-1.93637 -1.25902
-1.93637 -1.25902
-1.93637 -1.25902
-1.93637 -1.25902
-1.93637 -1.25902
-1.93637 -1.25902
-1.93637 -1.25902
-1.93637 -1.25902
-1.93637 -1.25902
-1.93637 -1.25902
-1.93637 -1.25902
-1.93637 -1.25902
-1.93637 -1.25902
-1.93637 -1.25902
-1.93637 -1.25902
-1.93637 -1.25902
-1.93637 -1.25902
-1.93637 -1.25902
-1.93637 -1.25902
-1.93637 -1.25902
-1.93637 -1.25902
-1.93637 -1.25902
-1.93637 -1.25902
-1.93637 -1.25902
-1.93637 -1.25902
-1.93637 -1.25902
-1.93637 -1.25902
-1.93637 -1.25902
-1.93637 -1.25902
-1.93637 -1.25902
-1.93637 -1.25902
-1.93637 -1.25902
-1.93637 -1.25902
-1.93637 -1.25902
-1.93637 -1.25902
-1.93637 -1.25902
-1.93637 -1.25902
-1.93637 -1.25902
-1.93637 -1.25902
-1.93637 -1.25902
-1.93637 -1.25902
-1.93637 -1.25902
-1.93637 -1.25902
-1.93637 -1.25902
-1.93637 -1.25902
-1.93637 -1.25902
-1.93637 -1.25902
-1.93637 -1.25902
-1.93637 -1.25902
-1.93637 -1.25902
-1.93637 -1.25902
-1.93637 -1.25902
-1.93637 -1.25902
-1.93637 -1.25902
-1.93637 -1.25902
-1.93637 -1.25902
-1.93637 -1.25902
-1.93637 -1.25902
-1.93637 -1.25902
-1.93637 -1.25902
-1.93637 -1.25902
-1.93637 -1.25902
-1.93637 -1.25902
-1.93637 -1.25902
-1.93637 -1.25902
-1.93637 -1.25902
-1.93637 -1.25902
-1.93637 -1.25902
-1.93637 -1.25902
-1.93637 -1.25902
-1.93637 -1.25902
-1.93637 -1.25902
-1.93637 -1.25902
-1.93637 -1.25902
-1.93637 -1.25902
-1.93637 -1.25902
-1.93637 -1.25902
-1.93637 -1.25902
-1.93637 -1.25902
-1.93637 -1.25902
-1.93637 -1.25902
-1.93637 -1.25902
-1.93637 -1.25902
-1.93637 -1.25902
-1.93637 -1.25902
-1.93637 -1.25902
-1.93637 -1.25902
-1.93637 -1.25902
-1.93637 -1.25902
-1.93637 -1.25902
-1.93637 -1.25902
-1.93637 -1.25902
-1.93637 -1.25902
-1.93637 -1.25902
-1.93637 -1.25902
-1.93637 -1.25902
-1.93637 -1.25902
-1.93637 -1.25902
-1.93637 -1.25902
-1.93637 -1.25902
-1.93637 -1.25902
-1.93637 -1.25902
-1.93637 -1.25902
-1.93637 -1.25902
-1.93637 -1.25902
-1.93637 -1.25902
-1.93637 -1.25902
-1.93637 -1.25902
-1.93637 -1.25902
-1.93637 -1.25902
-1.93637 -1.25902
-1.93637 -1.25902
-1.93637 -1.25902
-1.93637 -1.25902
-1.93637 -1.25902
-1.93637 -1.25902
-1.93637 -1.25902
-1.93637 -1.25902
-1.93637 -1.25902
-1.93637 -1.25902
-1.93637 -1.25902
-1.93637 -1.25902
-1.93637 -1.25902
-1.93637 -1.25902
-1.93637 -1.25902
-1.93637 -1.25902
-1.93637 -1.25902
-1.93637 -1.25902
-1.93637 -1.25902
-1.93637 -1.25902
-1.93637 -1.25902
-1.93637 -1.25902
-1.93637 -1.25902
-1.93637 -1.25902
-1.93637 -1.25902
-1.93637 -1.25902
-1.93637 -1.25902
-1.93637 -1.25902
-1.93637 -1.25902
-1.93637 -1.25902
-1.93637 -1.25902
-1.93637 -1.25902
-1.93637 -1.25902
-1.93637 -1.25902
-1.93637 -1.25902
-1.93637 -1.25902
-1.93637 -1.25902
-1.93637 -1.25902
-1.93637 -1.25902
-1.93637 -1.25902
-1.93637 -1.25902
-1.93637 -1.25902
-1.93637 -1.25902
-1.93637 -1.25902
-1.93637 -1.25902
-1.93637 -1.25902
-1.93637 -1.25902
-1.93637 -1.25902
-1.93637 -1.25902
-1.93637 -1.25902
-1.93637 -1.25902
-1.93637 -1.25902
-1.93637 -1.25902
-1.93637 -1.25902
-1.93637 -1.25902
-1.93637 -1.25902
-1.93637 -1.25902
-1.93637 -1.25902
-1.93637 -1.25902
-1.93637 -1.25902
-1.93637 -1.25902
-1.93637 -1.25902
-1.93637 -1.25902
-1.93637 -1.25902
-1.93637 -1.25902
-1.93637 -1.25902
-1.93637 -1.25902
-1.93637 -1.25902
-1.93637 -1.25902
-1.93637 -1.25902
-1.93637 -1.25902
-1.93637 -1.25902
-1.93637 -1.25902
-1.93637 -1.25902
-1.93637 -1.25902
-1.93637 -1.25902
-1.93637 -1.25902
-1.93637 -1.25902
-1.93637 -1.25902
-1.93637 -1.25902
-1.93637 -1.25902
-1.93637 -1.25902
-1.93637 -1.25902
-1.93637 -1.25902
-1.93637 -1.25902
-1.93637 -1.25902
-1.93637 -1.25902
-1.93637 -1.25902
-1.93637 -1.25902
-1.93637 -1.25902
-1.93637 -1.25902
-1.93637 -1.25902
-1.93637 -1.25902
-1.93637 -1.25902
-1.93637 -1.25902
-1.93637 -1.25902
-1.93637 -1.25902
-1.93637 -1.25902
-1.93637 -1.25902
-1.93637 -1.25902
-1.93637 -1.25902
-1.93637 -1.25902
-1.93637 -1.25902
-1.93637 -1.25902
-1.93637 -1.25902
-1.93637 -1.25902
-1.93637 -1.25902
-1.93637 -1.25902
-1.93637 -1.25902
-1.93637 -1.25902
-1.93637 -1.25902
-1.93637 -1.25902
-1.93637 -1.25902
-1.93637 -1.25902
-1.93637 -1.25902
-1.93637 -1.25902
-1.93637 -1.25902
-1.93637 -1.25902
-1.93637 -1.25902
-1.93637 -1.25902
-1.93637 -1.25902
-1.93637 -1.25902
-1.93637 -1.25902
-1.93637 -1.25902
-1.93637 -1.25902
-1.93637 -1.25902
-1.93637 -1.25902
-1.93637 -1.25902
-1.93637 -1.25902
-1.93637 -1.25902
-1.93637 -1.25902
-1.93637 -1.25902
-1.93637 -1.25902
-1.93637 -1.25902
-1.93637 -1.25902
-1.93637 -1.25902
-1.93637 -1.25902
-1.93637 -1.25902
-1.93637 -1.25902
-1.93637 -1.25902
-1.93637 -1.25902
-1.93637 -1.25902
-1.93637 -1.25902
-1.93637 -1.25902
-1.93637 -1.25902
-1.93637 -1.25902
-1.93637 -1.25902
-1.93637 -1.25902
-1.93637 -1.25902
-1.93637 -1.25902
-1.93637 -1.25902
-1.93637 -1.25902
-1.93637 -1.25902
-1.93637 -1.25902
-1.93637 -1.25902
-1.93637 -1.25902
-1.93637 -1.25902
-1.93637 -1.25902
-1.93637 -1.25902
-1.93637 -1.25902
-1.93637 -1.25902
-1.93637 -1.25902
-1.93637 -1.25902
-1.93637 -1.25902
-1.93637 -1.25902
-1.93637 -1.25902
-1.93637 -1.25902
-1.93637 -1.25902
-1.93637 -1.25902
-1.93637 -1.25902
-1.93637 -1.25902
-1.93637 -1.25902
-1.93637 -1.25902
-1.93637 -1.25902
-1.93637 -1.25902
-1.93637 -1.25902
-1.93637 -1.25902
-1.93637 -1.25902
-1.93637 -1.25902
-1.93637 -1.25902
-1.93637 -1.25902
-1.93637 -1.25902
-1.93637 -1.25902
-1.93637 -1.25902
-1.93637 -1.25902
-1.93637 -1.25902
-1.93637 -1.25902
-1.93637 -1.25902
-1.93637 -1.25902
-1.93637 -1.25902
-1.93637 -1.25902
-1.93637 -1.25902
-1.93637 -1.25902
-1.93637 -1.25902
-1.93637 -1.25902
-1.93637 -1.25902
-1.93637 -1.25902
-1.93637 -1.25902
-1.93637 -1.25902
-1.93637 -1.25902
-1.93637 -1.25902
-1.93637 -1.25902
-1.93637 -1.25902
-1.93637 -1.25902
-1.93637 -1.25902
-1.93637 -1.25902
-1.93637 -1.25902
-1.93637 -1.25902
-1.93637 -1.25902
-1.93637 -1.25902
-1.93637 -1.25902
-1.93637 -1.25902
-1.93637 -1.25902
-1.93637 -1.25902
-1.93637 -1.25902
-1.93637 -1.25902
-1.93637 -1.25902
-1.93637 -1.25902
-1.93637 -1.25902
-1.93637 -1.25902
-1.93637 -1.25902
-1.93637 -1.25902
-1.93637 -1.25902
-1.93637 -1.25902
-1.93637 -1.25902
-1.93637 -1.25902
-1.93637 -1.25902
-1.93637 -1.25902
-1.93637 -1.25902
-1.93637 -1.25902
-1.93637 -1.25902
-1.93637 -1.25902
-1.93637 -1.25902
-1.93637 -1.25902
-1.93637 -1.25902
-1.93637 -1.25902
-1.93637 -1.25902
-1.93637 -1.25902
-1.93637 -1.25902
-1.93637 -1.25902
-1.93637 -1.25902
-1.93637 -1.25902
-1.93637 -1.25902
-1.93637 -1.25902
-1.93637 -1.25902
-1.93637 -1.25902
-1.93637 -1.25902
-1.93637 -1.25902
-1.93637 -1.25902
-1.93637 -1.25902
-1.93637 -1.25902
-1.93637 -1.25902
-1.93637 -1.25902
-1.93637 -1.25902
-1.93637 -1.25902
-1.93637 -1.25902
-1.93637 -1.25902
-1.93637 -1.25902
-1.93637 -1.25902
-1.93637 -1.25902
-1.93637 -1.25902
-1.93637 -1.25902
-1.93637 -1.25902
-1.93637 -1.25902
-1.93637 -1.25902
-1.93637 -1.25902
-1.93637 -1.25902
-1.93637 -1.25902
-1.93637 -1.25902
-1.93637 -1.25902
-1.93637 -1.25902
-1.93637 -1.25902
-1.93637 -1.25902
-1.93637 -1.25902
-1.93637 -1.25902
-1.93637 -1.25902
-1.93637 -1.25902
-1.93637 -1.25902
-1.93637 -1.25902
-1.93637 -1.25902
-1.93637 -1.25902
-1.93637 -1.25902
-1.93637 -1.25902
-1.93637 -1.25902
-1.93637 -1.25902
-1.93637 -1.25902
-1.93637 -1.25902
-1.93637 -1.25902
-1.93637 -1.25902
-1.93637 -1.25902
-1.93637 -1.25902
-1.93637 -1.25902
-1.93637 -1.25902
-1.93637 -1.25902
-1.93637 -1.25902
-1.93637 -1.25902
-1.93637 -1.25902
-1.93637 -1.25902
-1.93637 -1.25902
-1.93637 -1.25902
-1.93637 -1.25902
-1.93637 -1.25902
-1.93637 -1.25902
-1.93637 -1.25902
-1.93637 -1.25902
-1.93637 -1.25902
-1.93637 -1.25902
-1.93637 -1.25902
-1.93637 -1.25902
-1.93637 -1.25902
-1.93637 -1.25902
-1.93637 -1.25902
-1.93637 -1.25902
-1.93637 -1.25902
-1.93637 -1.25902
-1.93637 -1.25902
-1.93637 -1.25902
-1.93637 -1.25902
-1.93637 -1.25902
-1.93637 -1.25902
-1.93637 -1.25902
-1.93637 -1.25902
-1.93637 -1.25902
-1.93637 -1.25902
-1.93637 -1.25902
-1.93637 -1.25902
-1.93637 -1.25902
-1.93637 -1.25902
-1.93637 -1.25902
-1.93637 -1.25902
-1.93637 -1.25902
-1.93637 -1.25902
-1.93637 -1.25902
-1.93637 -1.25902
-1.93637 -1.25902
-1.93637 -1.25902
-1.93637 -1.25902
-1.93637 -1.25902
-1.93637 -1.25902
-1.93637 -1.25902
-1.93637 -1.25902
-1.93637 -1.25902
-1.93637 -1.25902
-1.93637 -1.25902
-1.93637 -1.25902
-1.93637 -1.25902
-1.93637 -1.25902
-1.93637 -1.25902
-1.93637 -1.25902
-1.93637 -1.25902
-1.93637 -1.25902
-1.93637 -1.25902
-1.93637 -1.25902
-1.93637 -1.25902
-1.93637 -1.25902
-1.93637 -1.25902
-1.93637 -1.25902
-1.93637 -1.25902
-1.93637 -1.25902
-1.93637 -1.25902
-1.93637 -1.25902
-1.93637 -1.25902
-1.93637 -1.25902
-1.93637 -1.25902
-1.93637 -1.25902
-1.93637 -1.25902
-1.93637 -1.25902
-1.93637 -1.25902
-1.93637 -1.25902
-1.93637 -1.25902
-1.93637 -1.25902
-1.93637 -1.25902
-1.93637 -1.25902
-1.93637 -1.25902
-1.93637 -1.25902
-1.93637 -1.25902
-1.93637 -1.25902
-1.93637 -1.25902
-1.93637 -1.25902
-1.93637 -1.25902
-1.93637 -1.25902
-1.93637 -1.25902
-1.93637 -1.25902
-1.93637 -1.25902
-1.93637 -1.25902
-1.93637 -1.25902
-1.93637 -1.25902
-1.93637 -1.25902
-1.93637 -1.25902
-1.93637 -1.25902
-1.93637 -1.25902
-1.93637 -1.25902
-1.93637 -1.25902
-1.93637 -1.25902
-1.93637 -1.25902
-1.93637 -1.25902
-1.93637 -1.25902
-1.93637 -1.25902
-1.93637 -1.25902
-1.93637 -1.25902
-1.93637 -1.25902
-1.93637 -1.25902
-1.93637 -1.25902
-1.93637 -1.25902
-1.93637 -1.25902
-1.93637 -1.25902
-1.93637 -1.25902
-1.93637 -1.25902
-1.93637 -1.25902
-1.93637 -1.25902
-1.93637 -1.25902
-1.93637 -1.25902
-1.93637 -1.25902
-1.93637 -1.25902
-1.93637 -1.25902
-1.93637 -1.25902
-1.93637 -1.25902
-1.93637 -1.25902
-1.93637 -1.25902
-1.93637 -1.25902
-1.93637 -1.25902
-1.93637 -1.25902
-1.93637 -1.25902
-1.93637 -1.25902
-1.93637 -1.25902
-1.93637 -1.25902
-1.93637 -1.25902
-1.93637 -1.25902
-1.93637 -1.25902
-1.93637 -1.25902
-1.93637 -1.25902
-1.93637 -1.25902
-1.93637 -1.25902
-1.93637 -1.25902
-1.93637 -1.25902
-1.93637 -1.25902
-1.93637 -1.25902
-1.93637 -1.25902
-1.93637 -1.25902
-1.93637 -1.25902
-1.93637 -1.25902
-1.93637 -1.25902
-1.93637 -1.25902
-1.93637 -1.25902
-1.93637 -1.25902
-1.93637 -1.25902
-1.93637 -1.25902
-1.93637 -1.25902
-1.93637 -1.25902
-1.93637 -1.25902
-1.93637 -1.25902
-1.93637 -1.25902
-1.93637 -1.25902
-1.93637 -1.25902
-1.93637 -1.25902
-1.93637 -1.25902
-1.93637 -1.25902
-1.93637 -1.25902
-1.93637 -1.25902
-1.93637 -1.25902
-1.93637 -1.25902
-1.93637 -1.25902
-1.93637 -1.25902
-1.93637 -1.25902
-1.93637 -1.25902
-1.93637 -1.25902
-1.93637 -1.25902
-1.93637 -1.25902
-1.93637 -1.25902
-1.93637 -1.25902
-1.93637 -1.25902
-1.93637 -1.25902
-1.93637 -1.25902
-1.93637 -1.25902
-1.93637 -1.25902
-1.93637 -1.25902
-1.93637 -1.25902
-1.93637 -1.25902
-1.93637 -1.25902
-1.93637 -1.25902
-1.93637 -1.25902
-1.93637 -1.25902
-1.93637 -1.25902
-1.93637 -1.25902
-1.93637 -1.25902
-1.93637 -1.25902
-1.93637 -1.25902
-1.93637 -1.25902
-1.93637 -1.25902
-1.93637 -1.25902
-1.93637 -1.25902
-1.93637 -1.25902
-1.93637 -1.25902
-1.93637 -1.25902
-1.93637 -1.25902
-1.93637 -1.25902
-1.93637 -1.25902
-1.93637 -1.25902
-1.93637 -1.25902
-1.93637 -1.25902
-1.93637 -1.25902
-1.93637 -1.25902
-1.93637 -1.25902
-1.93637 -1.25902
-1.93637 -1.25902
-1.93637 -1.25902
-1.93637 -1.25902
-1.93637 -1.25902
-1.93637 -1.25902
-1.93637 -1.25902
-1.93637 -1.25902
-1.93637 -1.25902
-1.93637 -1.25902
-1.93637 -1.25902
-1.93637 -1.25902
-1.93637 -1.25902
-1.93637 -1.25902
-1.93637 -1.25902
-1.93637 -1.25902
-1.93637 -1.25902
-1.93637 -1.25902
-1.93637 -1.25902
-1.93637 -1.25902
-1.93637 -1.25902
-1.93637 -1.25902
-1.93637 -1.25902
-1.93637 -1.25902
-1.93637 -1.25902
-1.93637 -1.25902
-1.93637 -1.25902
-1.93637 -1.25902
-1.93637 -1.25902
-1.93637 -1.25902
-1.93637 -1.25902
-1.93637 -1.25902
-1.93637 -1.25902
-1.93637 -1.25902
-1.93637 -1.25902
-1.93637 -1.25902
-1.93637 -1.25902
-1.93637 -1.25902
-1.93637 -1.25902
-1.93637 -1.25902
-1.93637 -1.25902
-1.93637 -1.25902
-1.93637 -1.25902
-1.93637 -1.25902
-1.93637 -1.25902
-1.93637 -1.25902
-1.93637 -1.25902
-1.93637 -1.25902
-1.93637 -1.25902
-1.93637 -1.25902
-1.93637 -1.25902
-1.93637 -1.25902
-1.93637 -1.25902
-1.93637 -1.25902
-1.93637 -1.25902
-1.93637 -1.25902
-1.93637 -1.25902
-1.93637 -1.25902
-1.93637 -1.25902
-1.93637 -1.25902
-1.93637 -1.25902
-1.93637 -1.25902
-1.93637 -1.25902
-1.93637 -1.25902
-1.93637 -1.25902
-1.93637 -1.25902
-1.93637 -1.25902
-1.93637 -1.25902
-1.93637 -1.25902
-1.93637 -1.25902
-1.93637 -1.25902
-1.93637 -1.25902
-1.93637 -1.25902
-1.93637 -1.25902
-1.93637 -1.25902
-1.93637 -1.25902
-1.93637 -1.25902
-1.93637 -1.25902
-1.93637 -1.25902
-1.93637 -1.25902
-1.93637 -1.25902
-1.93637 -1.25902
-1.93637 -1.25902
-1.93637 -1.25902
-1.93637 -1.25902
-1.93637 -1.25902
-1.93637 -1.25902
-1.93637 -1.25902
-1.93637 -1.25902
-1.93637 -1.25902
-1.93637 -1.25902
-1.93637 -1.25902
-1.93637 -1.25902
-1.93637 -1.25902
-1.93637 -1.25902
-1.93637 -1.25902
-1.93637 -1.25902
-1.93637 -1.25902
-1.93637 -1.25902
-1.93637 -1.25902
-1.93637 -1.25902
-1.93637 -1.25902
-1.93637 -1.25902
-1.93637 -1.25902
-1.93637 -1.25902
-1.93637 -1.25902
-1.93637 -1.25902
-1.93637 -1.25902
-1.93637 -1.25902
-1.93637 -1.25902
-1.93637 -1.25902
-1.93637 -1.25902
-1.93637 -1.25902
-1.93637 -1.25902
-1.93637 -1.25902
-1.93637 -1.25902
-1.93637 -1.25902
-1.93637 -1.25902
-1.93637 -1.25902
-1.93637 -1.25902
-1.93637 -1.25902
-1.93637 -1.25902
-1.93637 -1.25902
-1.93637 -1.25902
-1.93637 -1.25902
-1.93637 -1.25902
-1.93637 -1.25902
-1.93637 -1.25902
-1.93637 -1.25902
-1.93637 -1.25902
-1.93637 -1.25902
-1.93637 -1.25902
-1.93637 -1.25902
-1.93637 -1.25902
-1.93637 -1.25902
-1.93637 -1.25902
-1.93637 -1.25902
-1.93637 -1.25902
-1.93637 -1.25902
-1.93637 -1.25902
-1.93637 -1.25902
-1.93637 -1.25902
-1.93637 -1.25902
-1.93637 -1.25902
-1.93637 -1.25902
-1.93637 -1.25902
-1.93637 -1.25902
-1.93637 -1.25902
-1.93637 -1.25902
-1.93637 -1.25902
-1.93637 -1.25902
-1.93637 -1.25902
-1.93637 -1.25902
-1.93637 -1.25902
-1.93637 -1.25902
-1.93637 -1.25902
-1.93637 -1.25902
-1.93637 -1.25902
-1.93637 -1.25902
-1.93637 -1.25902
-1.93637 -1.25902
-1.93637 -1.25902
-1.93637 -1.25902
-1.93637 -1.25902
-1.93637 -1.25902
-1.93637 -1.25902
-1.93637 -1.25902
-1.93637 -1.25902
-1.93637 -1.25902
-1.93637 -1.25902
-1.93637 -1.25902
-1.93637 -1.25902
-1.93637 -1.25902
-1.93637 -1.25902
-1.93637 -1.25902
-1.93637 -1.25902
-1.93637 -1.25902
-1.93637 -1.25902
-1.93637 -1.25902
-1.93637 -1.25902
-1.93637 -1.25902
-1.93637 -1.25902
-1.93637 -1.25902
-1.93637 -1.25902
-1.93637 -1.25902
-1.93637 -1.25902
-1.93637 -1.25902
-1.93637 -1.25902
-1.93637 -1.25902
-1.93637 -1.25902
-1.93637 -1.25902
-1.93637 -1.25902
-1.93637 -1.25902
-1.93637 -1.25902
-1.93637 -1.25902
-1.93637 -1.25902
-1.93637 -1.25902
